2;164;0;1;1;7
2;139;0;1;1;7
2;169;0;1;1;7
2;146;0;1;1;7
2;215;0;1;1;7
2;191;0;1;1;7
2;172;0;1;1;7
2;157;1;1;1;7
2;159;0;1;1;7
2;160;0;1;1;7
2;169;0;1;1;7
2;174;0;1;1;7
2;143;0;1;1;7
2;167;0;1;1;7
2;115;1;1;1;7
2;121;0;1;1;7
2;141;0;1;1;7
2;163;1;1;1;7
2;161;0;1;1;7
2;183;0;1;1;7
2;178;0;1;1;7
2;160;0;1;1;7
2;177;0;1;1;7
2;142;0;1;1;7
2;154;0;1;1;7
2;127;1;1;1;7
2;163;1;1;1;7
2;157;0;1;1;7
2;217;0;1;1;7
2;177;0;1;1;7
2;182;0;1;1;7
2;126;1;1;1;7
2;145;0;1;1;7
2;183;0;1;1;7
2;159;1;1;1;7
2;170;0;1;1;7
2;144;0;1;1;7
2;147;0;1;1;7
2;260;0;1;1;7
2;191;0;1;1;7
2;185;0;1;1;7
2;187;0;1;1;7
2;159;0;1;1;7
2;125;0;1;1;7
2;140;1;1;1;7
2;177;0;1;1;7
2;178;1;1;1;7
2;135;1;1;1;7
2;162;0;1;1;7
2;194;0;1;1;7
3;201;0;1;1;1;7
3;197;0;1;1;1;7
3;214;0;1;1;1;7
3;184;0;1;1;1;7
3;208;0;1;1;1;7
3;203;0;1;1;1;7
3;198;0;1;1;1;7
3;174;0;1;1;1;7
3;187;0;1;1;1;7
3;175;0;1;1;1;7
3;196;0;1;1;1;7
3;209;0;1;1;1;7
3;177;0;1;1;1;7
3;225;0;1;1;1;7
3;181;0;1;1;1;7
3;210;0;1;1;1;7
3;165;0;1;1;1;7
3;160;0;1;1;1;7
3;225;0;1;1;1;7
3;212;0;1;1;1;7
3;215;0;1;1;1;7
3;213;0;1;1;1;7
3;205;0;1;1;1;7
3;182;0;1;1;1;7
3;204;0;1;1;1;7
3;186;0;1;1;1;7
3;200;0;1;1;1;7
3;214;0;1;1;1;7
3;199;0;1;1;1;7
3;207;0;1;1;1;7
3;165;0;1;1;1;7
3;184;0;1;1;1;7
3;190;0;1;1;1;7
3;196;0;1;1;1;7
3;215;0;1;1;1;7
3;187;0;1;1;1;7
3;233;0;1;1;1;7
3;192;0;1;1;1;7
3;183;0;1;1;1;7
3;187;0;1;1;1;7
3;241;0;1;1;1;7
3;207;0;1;1;1;7
3;217;0;1;1;1;7
3;237;0;1;1;1;7
3;208;0;1;1;1;7
3;200;0;1;1;1;7
3;162;0;1;1;1;7
3;222;0;1;1;1;7
3;223;0;1;1;1;7
3;233;0;1;1;1;7
4;940;0;1;1;1;1;5
4;592;0;1;1;1;1;4
4;3408;0;1;1;1;1;6
4;1941;0;1;1;1;1;6
4;495;0;1;1;1;1;3
4;1155;0;1;1;1;1;4
4;1130;0;1;1;1;1;4
4;248;0;1;1;1;1;3
4;749;0;1;1;1;1;6
4;570;0;1;1;1;1;6
4;2203;0;1;1;1;1;6
4;493;0;1;1;1;1;3
4;583;0;1;1;1;1;6
4;734;0;1;1;1;1;4
4;729;0;1;1;1;1;6
4;723;0;1;1;1;1;5
4;3025;0;1;1;1;1;5
4;1336;0;1;1;1;1;6
4;2267;0;1;1;1;1;5
4;1385;0;1;1;1;1;5
4;407;0;1;1;1;1;5
4;797;0;1;1;1;1;4
4;2648;0;1;1;1;1;6
4;931;0;1;1;1;1;3
4;363;0;1;1;1;1;3
4;360;0;1;1;1;1;3
4;510;0;1;1;1;1;4
4;1131;0;1;1;1;1;4
4;782;0;1;1;1;1;4
4;577;0;1;1;1;1;3
4;1014;0;1;1;1;1;6
4;535;0;1;1;1;1;3
4;781;0;1;1;1;1;3
4;1487;0;1;1;1;1;5
4;1858;0;1;1;1;1;5
4;610;0;1;1;1;1;6
4;3406;0;1;1;1;1;4
4;796;0;1;1;1;1;6
4;2218;0;1;1;1;1;4
4;426;0;1;1;1;1;6
4;1232;0;1;1;1;1;3
4;767;0;1;1;1;1;4
4;702;0;1;1;1;1;6
4;804;0;1;1;1;1;6
4;591;0;1;1;1;1;6
4;761;0;1;1;1;1;5
4;1009;0;1;1;1;1;5
4;1536;0;1;1;1;1;3
4;1105;0;1;1;1;1;5
4;469;0;1;1;1;1;5
6;240;0;1;1;1;1;1;1;2
6;217;0;1;1;1;1;1;1;2
6;259;0;1;1;1;1;1;1;2
6;230;0;1;1;1;1;1;1;2
6;255;0;1;1;1;1;1;1;7
6;227;0;1;1;1;1;1;1;2
6;240;0;1;1;1;1;1;1;2
6;234;0;1;1;1;1;1;1;2
6;231;0;1;1;1;1;1;1;2
6;200;0;1;1;1;1;1;1;2
6;235;0;1;1;1;1;1;1;2
6;260;0;1;1;1;1;1;1;2
6;239;0;1;1;1;1;1;1;2
6;228;0;1;1;1;1;1;1;2
6;243;0;1;1;1;1;1;1;2
6;250;0;1;1;1;1;1;1;2
6;280;0;1;1;1;1;1;1;2
6;212;0;1;1;1;1;1;1;2
6;229;0;1;1;1;1;1;1;2
6;194;0;1;1;1;1;1;1;2
6;233;0;1;1;1;1;1;1;2
6;253;0;1;1;1;1;1;1;2
6;257;0;1;1;1;1;1;1;7
6;257;0;1;1;1;1;1;1;2
6;222;0;1;1;1;1;1;1;7
6;225;0;1;1;1;1;1;1;2
6;220;0;1;1;1;1;1;1;2
6;221;0;1;1;1;1;1;1;2
6;229;0;1;1;1;1;1;1;7
6;236;0;1;1;1;1;1;1;7
6;191;0;1;1;1;1;1;1;7
6;198;0;1;1;1;1;1;1;2
6;208;0;1;1;1;1;1;1;2
6;210;0;1;1;1;1;1;1;2
6;242;0;1;1;1;1;1;1;2
6;239;0;1;1;1;1;1;1;7
6;211;0;1;1;1;1;1;1;2
6;229;0;1;1;1;1;1;1;2
6;253;0;1;1;1;1;1;1;2
6;232;0;1;1;1;1;1;1;2
6;270;0;1;1;1;1;1;1;2
6;245;0;1;1;1;1;1;1;2
6;261;0;1;1;1;1;1;1;2
6;262;0;1;1;1;1;1;1;7
6;228;0;1;1;1;1;1;1;7
6;205;0;1;1;1;1;1;1;7
6;193;0;1;1;1;1;1;1;2
6;291;0;1;1;1;1;1;1;7
6;235;0;1;1;1;1;1;1;7
6;235;0;1;1;1;1;1;1;7
2;103;0;2;2;2
2;75;1;2;2;7
2;81;0;2;2;7
2;89;1;2;2;7
2;118;0;2;2;7
2;103;0;2;2;7
2;79;1;2;2;7
2;112;0;2;2;2
2;66;0;2;2;7
2;91;0;2;2;2
2;83;0;2;2;7
2;97;0;2;2;7
2;99;0;2;2;7
2;105;0;2;2;7
2;98;0;2;2;7
2;94;0;2;2;2
2;98;1;2;2;7
2;103;0;2;2;2
2;107;0;2;2;7
2;100;0;2;2;7
2;93;0;2;2;2
2;79;1;2;2;7
2;103;0;2;2;7
2;87;1;2;2;7
2;103;0;2;2;2
2;99;0;2;2;2
2;81;0;2;2;7
2;81;1;2;2;7
2;102;0;2;2;2
2;109;0;2;2;7
2;82;0;2;2;7
2;132;0;2;2;7
2;81;0;2;2;7
2;85;0;2;2;2
2;83;0;2;2;7
2;105;0;2;2;2
2;99;0;2;2;2
2;81;0;2;2;2
2;89;0;2;2;7
2;86;0;2;2;7
2;83;0;2;2;7
2;99;0;2;2;7
2;100;0;2;2;7
2;87;0;2;2;7
2;94;1;2;2;7
2;87;0;2;2;7
2;93;0;2;2;2
2;92;0;2;2;2
2;97;0;2;2;2
2;79;0;2;2;7
3;94;0;2;2;2;4
3;94;0;2;2;2;4
3;103;0;2;2;2;3
3;96;0;2;2;2;4
3;98;0;2;2;2;3
3;87;0;2;2;2;7
3;92;0;2;2;2;3
3;96;0;2;2;2;7
3;90;0;2;2;2;7
3;77;0;2;2;2;7
3;85;0;2;2;2;7
3;89;0;2;2;2;4
3;92;0;2;2;2;7
3;84;0;2;2;2;7
3;88;0;2;2;2;4
3;82;0;2;2;2;7
3;84;0;2;2;2;4
3;80;0;2;2;2;7
3;89;0;2;2;2;7
3;85;0;2;2;2;3
3;98;0;2;2;2;4
3;82;0;2;2;2;4
3;74;0;2;2;2;7
3;79;0;2;2;2;3
3;92;0;2;2;2;3
3;101;0;2;2;2;7
3;74;0;2;2;2;7
3;87;0;2;2;2;3
3;92;0;2;2;2;7
3;85;0;2;2;2;7
3;87;0;2;2;2;7
3;87;0;2;2;2;4
3;74;0;2;2;2;7
3;74;0;2;2;2;3
3;70;0;2;2;2;7
3;102;0;2;2;2;4
3;98;0;2;2;2;3
3;82;0;2;2;2;7
3;95;0;2;2;2;7
3;73;0;2;2;2;7
3;85;0;2;2;2;7
3;87;0;2;2;2;4
3;93;0;2;2;2;3
3;94;0;2;2;2;3
3;92;0;2;2;2;7
3;83;0;2;2;2;4
3;105;0;2;2;2;3
3;108;0;2;2;2;3
3;82;0;2;2;2;7
3;89;0;2;2;2;3
4;91;0;2;2;2;2;6
4;87;0;2;2;2;2;4
4;86;0;2;2;2;2;4
4;81;0;2;2;2;2;3
4;86;0;2;2;2;2;4
4;92;0;2;2;2;2;5
4;87;0;2;2;2;2;4
4;90;0;2;2;2;2;6
4;91;0;2;2;2;2;5
4;86;0;2;2;2;2;6
4;94;0;2;2;2;2;6
4;82;0;2;2;2;2;3
4;95;0;2;2;2;2;4
4;88;0;2;2;2;2;3
4;89;0;2;2;2;2;5
4;78;0;2;2;2;2;6
4;81;0;2;2;2;2;5
4;91;0;2;2;2;2;4
4;81;0;2;2;2;2;5
4;81;0;2;2;2;2;3
4;81;0;2;2;2;2;5
4;83;0;2;2;2;2;3
4;83;0;2;2;2;2;6
4;79;0;2;2;2;2;6
4;86;0;2;2;2;2;6
4;108;0;2;2;2;2;5
4;80;0;2;2;2;2;3
4;74;0;2;2;2;2;5
4;82;0;2;2;2;2;3
4;81;0;2;2;2;2;5
4;79;0;2;2;2;2;6
4;68;0;2;2;2;2;4
4;81;0;2;2;2;2;6
4;78;0;2;2;2;2;4
4;86;0;2;2;2;2;3
4;89;0;2;2;2;2;4
4;95;0;2;2;2;2;6
4;83;0;2;2;2;2;6
4;79;0;2;2;2;2;6
4;84;0;2;2;2;2;4
4;76;0;2;2;2;2;6
4;75;0;2;2;2;2;4
4;86;0;2;2;2;2;5
4;103;0;2;2;2;2;4
4;90;0;2;2;2;2;3
4;89;0;2;2;2;2;5
4;89;0;2;2;2;2;3
4;103;0;2;2;2;2;5
4;95;0;2;2;2;2;6
4;83;0;2;2;2;2;3
6;91;0;2;2;2;2;2;2;7
6;85;0;2;2;2;2;2;2;5
6;88;0;2;2;2;2;2;2;4
6;87;0;2;2;2;2;2;2;7
6;90;0;2;2;2;2;2;2;7
6;81;0;2;2;2;2;2;2;3
6;101;0;2;2;2;2;2;2;5
6;84;0;2;2;2;2;2;2;7
6;92;0;2;2;2;2;2;2;7
6;87;0;2;2;2;2;2;2;4
6;97;0;2;2;2;2;2;2;7
6;78;0;2;2;2;2;2;2;5
6;96;0;2;2;2;2;2;2;2
6;91;0;2;2;2;2;2;2;3
6;86;0;2;2;2;2;2;2;4
6;94;0;2;2;2;2;2;2;2
6;91;0;2;2;2;2;2;2;3
6;85;0;2;2;2;2;2;2;3
6;89;0;2;2;2;2;2;2;5
6;86;0;2;2;2;2;2;2;7
6;85;0;2;2;2;2;2;2;5
6;87;0;2;2;2;2;2;2;6
6;102;0;2;2;2;2;2;2;3
6;86;0;2;2;2;2;2;2;5
6;90;0;2;2;2;2;2;2;5
6;87;0;2;2;2;2;2;2;3
6;90;0;2;2;2;2;2;2;6
6;98;0;2;2;2;2;2;2;7
6;90;0;2;2;2;2;2;2;3
6;82;0;2;2;2;2;2;2;4
6;90;0;2;2;2;2;2;2;4
6;87;0;2;2;2;2;2;2;4
6;88;0;2;2;2;2;2;2;3
6;88;0;2;2;2;2;2;2;5
6;83;0;2;2;2;2;2;2;2
6;90;0;2;2;2;2;2;2;3
6;94;0;2;2;2;2;2;2;6
6;92;0;2;2;2;2;2;2;2
6;89;0;2;2;2;2;2;2;3
6;91;0;2;2;2;2;2;2;4
6;98;0;2;2;2;2;2;2;2
6;71;0;2;2;2;2;2;2;3
6;84;0;2;2;2;2;2;2;4
6;83;0;2;2;2;2;2;2;6
6;89;0;2;2;2;2;2;2;7
6;95;0;2;2;2;2;2;2;6
6;97;0;2;2;2;2;2;2;3
6;94;0;2;2;2;2;2;2;6
6;91;0;2;2;2;2;2;2;3
6;96;0;2;2;2;2;2;2;5
2;35;0;3;3;2
2;35;0;3;3;2
2;35;0;3;3;2
2;35;0;3;3;2
2;35;0;3;3;2
2;35;0;3;3;2
2;35;0;3;3;2
2;35;0;3;3;2
2;35;0;3;3;2
2;35;0;3;3;2
2;35;0;3;3;2
2;35;0;3;3;2
2;35;0;3;3;2
2;35;0;3;3;2
2;35;0;3;3;2
2;35;0;3;3;2
2;35;0;3;3;2
2;35;0;3;3;2
2;35;0;3;3;2
2;35;0;3;3;2
2;35;0;3;3;2
2;35;0;3;3;2
2;35;0;3;3;2
2;35;0;3;3;2
2;35;0;3;3;2
2;35;0;3;3;2
2;35;0;3;3;2
2;35;0;3;3;2
2;35;0;3;3;2
2;35;0;3;3;2
2;35;0;3;3;2
2;35;0;3;3;2
2;35;0;3;3;2
2;35;0;3;3;2
2;35;0;3;3;2
2;35;0;3;3;2
2;35;0;3;3;2
2;35;0;3;3;2
2;35;0;3;3;2
2;35;0;3;3;2
2;35;0;3;3;2
2;35;0;3;3;2
2;35;0;3;3;2
2;35;0;3;3;2
2;35;0;3;3;2
2;35;0;3;3;2
2;35;0;3;3;2
2;35;0;3;3;2
2;35;0;3;3;2
2;35;0;3;3;2
3;34;0;3;3;3;7
3;34;0;3;3;3;7
3;34;0;3;3;3;7
3;34;0;3;3;3;7
3;34;0;3;3;3;7
3;34;0;3;3;3;7
3;34;0;3;3;3;7
3;34;0;3;3;3;7
3;34;0;3;3;3;7
3;34;0;3;3;3;7
3;34;0;3;3;3;7
3;34;0;3;3;3;7
3;34;0;3;3;3;7
3;34;0;3;3;3;7
3;34;0;3;3;3;7
3;34;0;3;3;3;7
3;34;0;3;3;3;7
3;34;0;3;3;3;7
3;34;0;3;3;3;7
3;34;0;3;3;3;7
3;34;0;3;3;3;7
3;34;0;3;3;3;7
3;34;0;3;3;3;7
3;34;0;3;3;3;7
3;34;0;3;3;3;7
3;34;0;3;3;3;7
3;34;0;3;3;3;7
3;34;0;3;3;3;7
3;34;0;3;3;3;7
3;34;0;3;3;3;7
3;34;0;3;3;3;7
3;34;0;3;3;3;7
3;34;0;3;3;3;7
3;34;0;3;3;3;7
3;34;0;3;3;3;7
3;34;0;3;3;3;7
3;34;0;3;3;3;7
3;34;0;3;3;3;7
3;34;0;3;3;3;7
3;34;0;3;3;3;7
3;34;0;3;3;3;7
3;34;0;3;3;3;7
3;34;0;3;3;3;7
3;34;0;3;3;3;7
3;34;0;3;3;3;7
3;34;0;3;3;3;7
3;34;0;3;3;3;7
3;34;0;3;3;3;7
3;34;0;3;3;3;7
3;34;0;3;3;3;7
4;31;0;3;3;3;3;5
4;31;0;3;3;3;3;5
4;31;0;3;3;3;3;5
4;31;0;3;3;3;3;5
4;31;0;3;3;3;3;5
4;31;0;3;3;3;3;5
4;31;0;3;3;3;3;5
4;31;0;3;3;3;3;5
4;31;0;3;3;3;3;5
4;31;0;3;3;3;3;5
4;31;0;3;3;3;3;5
4;31;0;3;3;3;3;5
4;31;0;3;3;3;3;5
4;31;0;3;3;3;3;5
4;31;0;3;3;3;3;5
4;31;0;3;3;3;3;5
4;31;0;3;3;3;3;5
4;31;0;3;3;3;3;5
4;31;0;3;3;3;3;5
4;31;0;3;3;3;3;5
4;31;0;3;3;3;3;5
4;31;0;3;3;3;3;5
4;31;0;3;3;3;3;5
4;31;0;3;3;3;3;5
4;31;0;3;3;3;3;5
4;31;0;3;3;3;3;5
4;31;0;3;3;3;3;5
4;31;0;3;3;3;3;5
4;31;0;3;3;3;3;5
4;31;0;3;3;3;3;5
4;31;0;3;3;3;3;5
4;31;0;3;3;3;3;5
4;31;0;3;3;3;3;5
4;31;0;3;3;3;3;5
4;31;0;3;3;3;3;5
4;31;0;3;3;3;3;5
4;31;0;3;3;3;3;5
4;31;0;3;3;3;3;5
4;31;0;3;3;3;3;5
4;31;0;3;3;3;3;5
4;31;0;3;3;3;3;5
4;31;0;3;3;3;3;5
4;31;0;3;3;3;3;5
4;31;0;3;3;3;3;5
4;31;0;3;3;3;3;5
4;31;0;3;3;3;3;5
4;31;0;3;3;3;3;5
4;31;0;3;3;3;3;5
4;31;0;3;3;3;3;5
4;31;0;3;3;3;3;5
6;35;0;3;3;3;3;3;3;3
6;35;0;3;3;3;3;3;3;3
6;35;0;3;3;3;3;3;3;3
6;35;0;3;3;3;3;3;3;3
6;35;0;3;3;3;3;3;3;3
6;35;0;3;3;3;3;3;3;3
6;35;0;3;3;3;3;3;3;3
6;35;0;3;3;3;3;3;3;3
6;35;0;3;3;3;3;3;3;3
6;35;0;3;3;3;3;3;3;3
6;35;0;3;3;3;3;3;3;3
6;35;0;3;3;3;3;3;3;3
6;35;0;3;3;3;3;3;3;3
6;35;0;3;3;3;3;3;3;3
6;35;0;3;3;3;3;3;3;3
6;35;0;3;3;3;3;3;3;3
6;35;0;3;3;3;3;3;3;3
6;35;0;3;3;3;3;3;3;3
6;35;0;3;3;3;3;3;3;3
6;35;0;3;3;3;3;3;3;3
6;35;0;3;3;3;3;3;3;3
6;35;0;3;3;3;3;3;3;3
6;35;0;3;3;3;3;3;3;3
6;35;0;3;3;3;3;3;3;3
6;35;0;3;3;3;3;3;3;3
6;35;0;3;3;3;3;3;3;3
6;35;0;3;3;3;3;3;3;3
6;35;0;3;3;3;3;3;3;3
6;35;0;3;3;3;3;3;3;3
6;35;0;3;3;3;3;3;3;3
6;35;0;3;3;3;3;3;3;3
6;35;0;3;3;3;3;3;3;3
6;35;0;3;3;3;3;3;3;3
6;35;0;3;3;3;3;3;3;3
6;35;0;3;3;3;3;3;3;3
6;35;0;3;3;3;3;3;3;3
6;35;0;3;3;3;3;3;3;3
6;35;0;3;3;3;3;3;3;3
6;35;0;3;3;3;3;3;3;3
6;35;0;3;3;3;3;3;3;3
6;35;0;3;3;3;3;3;3;3
6;35;0;3;3;3;3;3;3;3
6;35;0;3;3;3;3;3;3;3
6;35;0;3;3;3;3;3;3;3
6;35;0;3;3;3;3;3;3;3
6;35;0;3;3;3;3;3;3;3
6;35;0;3;3;3;3;3;3;3
6;35;0;3;3;3;3;3;3;3
6;35;0;3;3;3;3;3;3;3
6;35;0;3;3;3;3;3;3;3
2;76;1;1;2;7
2;89;0;1;2;7
2;119;0;1;2;7
2;96;0;1;2;7
2;99;0;1;2;7
2;107;1;1;2;7
2;80;1;1;2;7
2;88;1;1;2;7
2;80;1;1;2;7
2;131;0;1;2;7
2;93;0;1;2;7
2;108;0;1;2;7
2;115;1;1;2;7
2;111;1;1;2;7
2;95;1;1;2;7
2;78;1;1;2;7
2;109;0;1;2;7
2;178;0;1;2;2
2;131;0;1;2;7
2;91;1;1;2;7
2;121;0;1;2;7
2;87;0;1;2;7
2;86;0;1;2;7
2;114;0;1;2;7
2;94;1;1;2;7
2;167;0;1;2;7
2;92;0;1;2;7
2;104;0;1;2;7
2;79;1;1;2;7
2;108;0;1;2;7
2;124;0;1;2;7
2;114;0;1;2;7
2;186;0;1;2;7
2;83;1;1;2;7
2;86;0;1;2;7
2;108;1;1;2;7
2;148;0;1;2;7
2;113;0;1;2;7
2;113;1;1;2;7
2;98;1;1;2;7
2;105;0;1;2;7
2;118;0;1;2;7
2;125;0;1;2;7
2;100;1;1;2;7
2;87;1;1;2;7
2;85;1;1;2;7
2;89;1;1;2;7
2;122;1;1;2;7
2;117;0;1;2;7
2;114;0;1;2;7
2;118;0;2;1;2
2;93;0;2;1;2
2;94;0;2;1;2
2;105;0;2;1;2
2;126;0;2;1;2
2;128;0;2;1;2
2;116;0;2;1;2
2;166;0;2;1;2
2;107;0;2;1;2
2;125;0;2;1;2
2;127;0;2;1;2
2;96;0;2;1;2
2;113;0;2;1;2
2;122;0;2;1;7
2;123;0;2;1;2
2;169;0;2;1;2
2;170;0;2;1;2
2;122;0;2;1;2
2;116;1;2;1;2
2;123;0;2;1;2
2;85;1;2;1;2
2;139;0;2;1;2
2;105;0;2;1;2
2;115;0;2;1;2
2;146;0;2;1;2
2;85;1;2;1;2
2;114;0;2;1;7
2;127;0;2;1;2
2;132;0;2;1;2
2;148;0;2;1;2
2;91;0;2;1;2
2;110;0;2;1;2
2;86;0;2;1;2
2;131;0;2;1;2
2;136;0;2;1;2
2;92;0;2;1;2
2;141;0;2;1;2
2;128;0;2;1;2
2;103;1;2;1;2
2;95;0;2;1;2
2;119;0;2;1;2
2;76;1;2;1;2
2;108;0;2;1;2
2;95;1;2;1;2
2;91;0;2;1;2
2;162;0;2;1;2
2;152;0;2;1;2
2;140;0;2;1;2
2;89;1;2;1;2
2;109;0;2;1;2
2;50;1;1;3;7
2;50;1;1;3;7
2;74;0;1;3;7
2;42;1;1;3;7
2;101;0;1;3;7
2;35;1;1;3;7
2;50;1;1;3;7
2;49;1;1;3;7
2;42;1;1;3;7
2;49;0;1;3;7
2;47;1;1;3;7
2;55;0;1;3;7
2;106;1;1;3;7
2;54;1;1;3;7
2;57;1;1;3;7
2;140;1;1;3;7
2;32;1;1;3;7
2;70;1;1;3;7
2;113;1;1;3;7
2;37;1;1;3;7
2;92;0;1;3;7
2;75;1;1;3;7
2;57;1;1;3;7
2;42;1;1;3;7
2;46;1;1;3;7
2;53;0;1;3;7
2;42;1;1;3;7
2;46;1;1;3;7
2;48;1;1;3;7
2;128;1;1;3;7
2;116;1;1;3;7
2;45;1;1;3;7
2;70;1;1;3;7
2;33;1;1;3;7
2;60;1;1;3;7
2;67;0;1;3;7
2;59;1;1;3;7
2;38;1;1;3;7
2;53;0;1;3;7
2;46;1;1;3;7
2;28;1;1;3;7
2;50;1;1;3;7
2;38;1;1;3;7
2;38;1;1;3;7
2;90;1;1;3;7
2;31;1;1;3;7
2;74;1;1;3;7
2;64;1;1;3;7
2;79;1;1;3;7
2;48;1;1;3;7
2;53;1;3;1;2
2;88;1;3;1;2
2;54;1;3;1;2
2;76;1;3;1;2
2;65;1;3;1;2
2;70;1;3;1;2
2;71;0;3;1;2
2;37;1;3;1;2
2;89;1;3;1;2
2;47;1;3;1;2
2;40;1;3;1;2
2;77;1;3;1;2
2;125;0;3;1;2
2;72;0;3;1;2
2;92;0;3;1;2
2;65;1;3;1;2
2;98;1;3;1;2
2;98;1;3;1;2
2;51;1;3;1;2
2;46;1;3;1;2
2;79;1;3;1;2
2;78;1;3;1;2
2;56;1;3;1;2
2;104;1;3;1;2
2;65;1;3;1;2
2;116;0;3;1;2
2;66;0;3;1;2
2;59;1;3;1;2
2;60;1;3;1;2
2;54;1;3;1;2
2;95;0;3;1;2
2;48;0;3;1;2
2;56;1;3;1;2
2;76;0;3;1;2
2;94;1;3;1;2
2;79;1;3;1;2
2;102;0;3;1;2
2;43;1;3;1;2
2;68;1;3;1;2
2;55;1;3;1;2
2;37;1;3;1;2
2;43;0;3;1;2
2;35;1;3;1;2
2;99;1;3;1;2
2;82;0;3;1;2
2;52;1;3;1;2
2;36;1;3;1;2
2;43;1;3;1;2
2;35;1;3;1;2
2;40;1;3;1;2
2;56;1;2;3;7
2;45;0;2;3;7
2;38;1;2;3;7
2;52;0;2;3;7
2;46;0;2;3;7
2;35;1;2;3;7
2;34;1;2;3;7
2;38;1;2;3;7
2;42;1;2;3;7
2;43;0;2;3;7
2;36;1;2;3;7
2;40;0;2;3;7
2;40;1;2;3;7
2;60;0;2;3;7
2;38;0;2;3;7
2;35;1;2;3;7
2;47;0;2;3;7
2;52;1;2;3;7
2;33;1;2;3;7
2;39;0;2;3;7
2;45;0;2;3;7
2;70;0;2;3;7
2;53;0;2;3;7
2;66;0;2;3;7
2;63;0;2;3;7
2;41;0;2;3;7
2;36;1;2;3;7
2;47;0;2;3;7
2;54;1;2;3;7
2;36;1;2;3;7
2;37;0;2;3;7
2;44;0;2;3;7
2;32;1;2;3;7
2;41;1;2;3;7
2;43;0;2;3;7
2;49;0;2;3;7
2;49;0;2;3;7
2;52;0;2;3;7
2;45;0;2;3;7
2;39;0;2;3;7
2;46;0;2;3;7
2;35;1;2;3;7
2;41;1;2;3;7
2;46;0;2;3;7
2;67;1;2;3;7
2;44;1;2;3;7
2;51;0;2;3;7
2;45;1;2;3;7
2;43;0;2;3;7
2;40;0;2;3;7
2;42;0;2;3;7
2;54;0;2;3;7
2;49;1;2;3;7
2;33;0;2;3;7
2;40;0;2;3;7
2;39;1;2;3;7
2;33;1;2;3;7
2;43;1;2;3;7
2;38;1;2;3;7
2;40;0;2;3;7
2;59;0;2;3;7
2;41;0;3;2;2
2;34;0;3;2;2
2;59;0;3;2;2
2;35;1;3;2;2
2;71;0;3;2;2
2;33;1;3;2;2
2;36;1;3;2;2
2;45;0;3;2;2
2;63;0;3;2;2
2;52;1;3;2;2
2;30;1;3;2;2
2;30;1;3;2;2
2;36;0;3;2;2
2;74;0;3;2;2
2;59;0;3;2;2
2;55;1;3;2;2
2;33;1;3;2;2
2;40;1;3;2;2
2;60;0;3;2;2
2;64;0;3;2;2
2;44;0;3;2;2
2;40;0;3;2;2
2;39;0;3;2;2
2;55;0;3;2;2
2;48;0;3;2;2
2;40;0;3;2;2
2;43;0;3;2;2
2;37;1;3;2;2
2;57;1;3;2;2
2;64;0;3;2;2
2;46;0;3;2;2
2;53;0;3;2;2
2;37;1;3;2;2
2;41;0;3;2;2
2;57;0;3;2;2
2;38;1;3;2;2
2;76;0;3;2;2
2;55;1;3;2;2
2;58;0;3;2;2
2;31;1;3;2;2
2;31;1;3;2;2
2;34;1;3;2;2
2;53;0;3;2;2
2;33;1;3;2;2
2;35;0;3;2;2
2;44;0;3;2;2
2;49;1;3;2;2
2;37;1;3;2;2
2;35;0;3;2;2
2;44;0;3;2;2
3;112;0;2;1;1;3
3;119;0;2;1;1;3
3;91;0;2;1;1;3
3;134;0;2;1;1;3
3;91;0;2;1;1;3
3;102;0;2;1;1;3
3;144;0;2;1;1;3
3;87;0;2;1;1;3
3;91;0;2;1;1;3
3;100;0;2;1;1;3
3;107;0;2;1;1;3
3;90;0;2;1;1;3
3;128;0;2;1;1;3
3;191;0;2;1;1;7
3;134;0;2;1;1;3
3;98;0;2;1;1;3
3;96;0;2;1;1;3
3;134;0;2;1;1;3
3;92;0;2;1;1;3
3;96;0;2;1;1;3
3;132;0;2;1;1;3
3;99;0;2;1;1;3
3;80;0;2;1;1;3
3;155;0;2;1;1;7
3;102;0;2;1;1;3
3;100;0;2;1;1;3
3;95;0;2;1;1;3
3;89;0;2;1;1;3
3;84;0;2;1;1;3
3;160;0;2;1;1;3
3;95;0;2;1;1;3
3;116;0;2;1;1;3
3;92;0;2;1;1;3
3;92;0;2;1;1;3
3;112;0;2;1;1;3
3;98;0;2;1;1;3
3;119;0;2;1;1;3
3;109;0;2;1;1;3
3;120;0;2;1;1;3
3;118;0;2;1;1;3
3;96;0;2;1;1;3
3;159;0;2;1;1;7
3;105;0;2;1;1;3
3;111;0;2;1;1;3
3;86;0;2;1;1;3
3;139;0;2;1;1;3
3;121;0;2;1;1;3
3;87;0;2;1;1;3
3;104;0;2;1;1;3
3;162;0;2;1;1;3
3;105;0;1;1;2;7
3;99;0;1;1;2;7
3;112;0;1;1;2;7
3;106;0;1;1;2;7
3;79;0;1;1;2;7
3;100;0;1;1;2;7
3;107;0;1;1;2;7
3;96;0;1;1;2;7
3;104;0;1;1;2;7
3;119;0;1;1;2;7
3;137;0;1;1;2;7
3;113;0;1;1;2;7
3;108;0;1;1;2;7
3;134;0;1;1;2;7
3;89;0;1;1;2;7
3;103;0;1;1;2;7
3;87;0;1;1;2;7
3;91;0;1;1;2;7
3;108;0;1;1;2;7
3;118;0;1;1;2;7
3;113;0;1;1;2;7
3;91;0;1;1;2;7
3;112;0;1;1;2;7
3;100;0;1;1;2;7
3;108;0;1;1;2;7
3;114;0;1;1;2;7
3;130;0;1;1;2;7
3;106;0;1;1;2;7
3;100;0;1;1;2;7
3;98;0;1;1;2;7
3;108;0;1;1;2;7
3;90;0;1;1;2;7
3;167;0;1;1;2;7
3;114;0;1;1;2;7
3;121;0;1;1;2;7
3;86;0;1;1;2;7
3;94;0;1;1;2;7
3;101;0;1;1;2;7
3;140;0;1;1;2;7
3;116;0;1;1;2;7
3;102;0;1;1;2;7
3;101;0;1;1;2;7
3;116;0;1;1;2;7
3;120;0;1;1;2;7
3;92;0;1;1;2;7
3;98;0;1;1;2;7
3;102;0;1;1;2;7
3;127;0;1;1;2;7
3;103;0;1;1;2;7
3;104;0;1;1;2;7
3;114;0;1;2;1;4
3;103;0;1;2;1;4
3;100;0;1;2;1;4
3;91;0;1;2;1;4
3;99;0;1;2;1;4
3;93;0;1;2;1;4
3;120;0;1;2;1;4
3;135;0;1;2;1;7
3;105;0;1;2;1;4
3;102;0;1;2;1;4
3;104;0;1;2;1;4
3;99;0;1;2;1;4
3;135;0;1;2;1;4
3;92;0;1;2;1;4
3;83;0;1;2;1;4
3;94;0;1;2;1;4
3;95;0;1;2;1;4
3;119;0;1;2;1;4
3;88;0;1;2;1;4
3;103;0;1;2;1;4
3;119;0;1;2;1;4
3;84;0;1;2;1;4
3;108;0;1;2;1;4
3;117;0;1;2;1;4
3;95;0;1;2;1;4
3;129;0;1;2;1;4
3;97;0;1;2;1;4
3;103;0;1;2;1;4
3;127;0;1;2;1;4
3;84;0;1;2;1;4
3;107;0;1;2;1;4
3;112;0;1;2;1;4
3;98;0;1;2;1;4
3;110;0;1;2;1;4
3;100;0;1;2;1;4
3;87;0;1;2;1;4
3;105;0;1;2;1;4
3;87;0;1;2;1;4
3;90;0;1;2;1;4
3;112;0;1;2;1;4
3;127;0;1;2;1;4
3;106;0;1;2;1;4
3;92;0;1;2;1;4
3;140;0;1;2;1;4
3;90;0;1;2;1;4
3;97;0;1;2;1;4
3;82;0;1;2;1;4
3;152;0;1;2;1;7
3;131;0;1;2;1;4
3;118;0;1;2;1;4
3;74;0;3;1;1;3
3;76;0;3;1;1;3
3;36;0;3;1;1;3
3;167;0;3;1;1;7
3;61;0;3;1;1;3
3;121;0;3;1;1;3
3;71;0;3;1;1;3
3;46;0;3;1;1;3
3;98;0;3;1;1;3
3;118;0;3;1;1;3
3;73;0;3;1;1;3
3;103;0;3;1;1;3
3;69;0;3;1;1;3
3;113;0;3;1;1;3
3;55;0;3;1;1;3
3;88;0;3;1;1;3
3;68;0;3;1;1;3
3;88;0;3;1;1;3
3;57;0;3;1;1;3
3;63;0;3;1;1;3
3;87;0;3;1;1;3
3;108;0;3;1;1;3
3;116;0;3;1;1;3
3;122;0;3;1;1;3
3;93;0;3;1;1;3
3;156;0;3;1;1;3
3;43;0;3;1;1;3
3;99;0;3;1;1;3
3;80;0;3;1;1;3
3;117;0;3;1;1;3
3;152;0;3;1;1;3
3;122;0;3;1;1;3
3;86;0;3;1;1;3
3;67;0;3;1;1;3
3;95;0;3;1;1;3
3;156;0;3;1;1;7
3;81;0;3;1;1;3
3;69;0;3;1;1;3
3;65;0;3;1;1;3
3;87;0;3;1;1;3
3;75;0;3;1;1;3
3;83;0;3;1;1;3
3;98;0;3;1;1;3
3;156;0;3;1;1;3
3;41;0;3;1;1;3
3;109;0;3;1;1;3
3;80;0;3;1;1;3
3;138;0;3;1;1;3
3;112;0;3;1;1;3
3;88;0;3;1;1;3
3;45;0;1;1;3;7
3;57;0;1;1;3;7
3;40;0;1;1;3;7
3;44;0;1;1;3;7
3;47;0;1;1;3;7
3;43;0;1;1;3;7
3;47;0;1;1;3;7
3;58;0;1;1;3;7
3;41;0;1;1;3;7
3;40;0;1;1;3;7
3;74;0;1;1;3;7
3;40;0;1;1;3;7
3;49;0;1;1;3;7
3;41;0;1;1;3;7
3;72;0;1;1;3;7
3;42;0;1;1;3;7
3;46;0;1;1;3;7
3;45;0;1;1;3;7
3;39;0;1;1;3;7
3;51;0;1;1;3;7
3;37;0;1;1;3;7
3;33;0;1;1;3;7
3;43;0;1;1;3;7
3;86;0;1;1;3;7
3;41;0;1;1;3;7
3;38;0;1;1;3;7
3;53;0;1;1;3;7
3;41;0;1;1;3;7
3;40;0;1;1;3;7
3;40;0;1;1;3;7
3;63;0;1;1;3;7
3;50;0;1;1;3;7
3;37;0;1;1;3;7
3;46;0;1;1;3;7
3;38;0;1;1;3;7
3;106;0;1;1;3;7
3;42;0;1;1;3;7
3;39;0;1;1;3;7
3;48;0;1;1;3;7
3;75;0;1;1;3;7
3;57;0;1;1;3;7
3;43;0;1;1;3;7
3;37;0;1;1;3;7
3;41;0;1;1;3;7
3;43;0;1;1;3;7
3;46;0;1;1;3;7
3;45;0;1;1;3;7
3;42;0;1;1;3;7
3;50;0;1;1;3;7
3;52;0;1;1;3;7
3;118;0;1;3;1;4
3;114;0;1;3;1;4
3;108;0;1;3;1;4
3;58;0;1;3;1;4
3;62;0;1;3;1;4
3;72;0;1;3;1;4
3;136;0;1;3;1;4
3;62;0;1;3;1;4
3;70;0;1;3;1;4
3;43;0;1;3;1;4
3;68;0;1;3;1;4
3;69;0;1;3;1;4
3;39;0;1;3;1;4
3;136;0;1;3;1;4
3;41;0;1;3;1;4
3;58;0;1;3;1;4
3;71;0;1;3;1;4
3;42;0;1;3;1;4
3;104;0;1;3;1;4
3;139;0;1;3;1;4
3;36;0;1;3;1;4
3;91;0;1;3;1;4
3;108;0;1;3;1;4
3;101;0;1;3;1;4
3;91;0;1;3;1;4
3;122;0;1;3;1;4
3;78;0;1;3;1;4
3;76;0;1;3;1;4
3;37;0;1;3;1;4
3;77;0;1;3;1;4
3;90;0;1;3;1;4
3;109;0;1;3;1;4
3;139;0;1;3;1;4
3;100;0;1;3;1;4
3;55;0;1;3;1;4
3;88;0;1;3;1;4
3;51;0;1;3;1;4
3;83;0;1;3;1;4
3;35;0;1;3;1;4
3;106;0;1;3;1;4
3;118;0;1;3;1;4
3;91;0;1;3;1;4
3;36;0;1;3;1;4
3;36;0;1;3;1;4
3;150;0;1;3;1;4
3;114;0;1;3;1;4
3;99;0;1;3;1;4
3;76;0;1;3;1;4
3;34;0;1;3;1;4
3;40;0;1;3;1;4
3;40;0;3;2;2;3
3;46;0;3;2;2;3
3;42;0;3;2;2;3
3;56;0;3;2;2;3
3;68;0;3;2;2;3
3;46;0;3;2;2;3
3;34;0;3;2;2;3
3;50;0;3;2;2;3
3;43;0;3;2;2;3
3;46;0;3;2;2;3
3;39;0;3;2;2;3
3;32;0;3;2;2;3
3;41;0;3;2;2;3
3;51;0;3;2;2;3
3;48;0;3;2;2;3
3;42;0;3;2;2;3
3;43;0;3;2;2;3
3;53;0;3;2;2;3
3;42;0;3;2;2;3
3;38;0;3;2;2;3
3;40;0;3;2;2;3
3;57;0;3;2;2;3
3;39;0;3;2;2;3
3;36;0;3;2;2;3
3;37;0;3;2;2;3
3;56;0;3;2;2;3
3;75;0;3;2;2;3
3;42;0;3;2;2;3
3;49;0;3;2;2;3
3;45;0;3;2;2;3
3;37;0;3;2;2;3
3;27;0;3;2;2;3
3;46;0;3;2;2;3
3;31;0;3;2;2;3
3;49;0;3;2;2;3
3;49;0;3;2;2;3
3;45;0;3;2;2;3
3;38;0;3;2;2;3
3;42;0;3;2;2;3
3;44;0;3;2;2;3
3;40;0;3;2;2;3
3;41;0;3;2;2;3
3;43;0;3;2;2;3
3;53;0;3;2;2;3
3;38;0;3;2;2;3
3;110;0;3;2;2;4
3;56;0;3;2;2;3
3;84;0;3;2;2;4
3;51;0;3;2;2;3
3;36;0;3;2;2;3
3;41;0;2;2;3;7
3;39;0;2;2;3;7
3;33;0;2;2;3;7
3;37;0;2;2;3;7
3;41;0;2;2;3;7
3;42;0;2;2;3;7
3;52;0;2;2;3;7
3;35;0;2;2;3;7
3;31;0;2;2;3;7
3;46;0;2;2;3;7
3;36;0;2;2;3;7
3;41;0;2;2;3;7
3;37;0;2;2;3;7
3;33;0;2;2;3;7
3;41;0;2;2;3;7
3;39;0;2;2;3;7
3;32;0;2;2;3;7
3;33;0;2;2;3;7
3;37;0;2;2;3;7
3;36;0;2;2;3;7
3;40;0;2;2;3;7
3;35;0;2;2;3;7
3;41;0;2;2;3;7
3;36;0;2;2;3;7
3;37;0;2;2;3;7
3;37;0;2;2;3;7
3;42;0;2;2;3;7
3;42;0;2;2;3;7
3;36;0;2;2;3;7
3;42;0;2;2;3;7
3;39;0;2;2;3;7
3;35;0;2;2;3;7
3;36;0;2;2;3;7
3;35;0;2;2;3;7
3;38;0;2;2;3;7
3;44;0;2;2;3;7
3;39;0;2;2;3;7
3;37;0;2;2;3;7
3;38;0;2;2;3;7
3;39;0;2;2;3;7
3;30;0;2;2;3;7
3;35;0;2;2;3;7
3;42;0;2;2;3;7
3;38;0;2;2;3;7
3;42;0;2;2;3;7
3;38;0;2;2;3;7
3;30;0;2;2;3;7
3;38;0;2;2;3;7
3;41;0;2;2;3;7
3;47;0;2;2;3;7
3;87;0;2;3;2;4
3;47;0;2;3;2;4
3;38;0;2;3;2;4
3;43;0;2;3;2;4
3;43;0;2;3;2;4
3;46;0;2;3;2;4
3;36;0;2;3;2;4
3;43;0;2;3;2;4
3;48;0;2;3;2;4
3;41;0;2;3;2;4
3;37;0;2;3;2;4
3;81;0;2;3;2;4
3;42;0;2;3;2;4
3;40;0;2;3;2;4
3;38;0;2;3;2;4
3;46;0;2;3;2;4
3;37;0;2;3;2;4
3;43;0;2;3;2;4
3;55;0;2;3;2;4
3;53;0;2;3;2;4
3;39;0;2;3;2;4
3;44;0;2;3;2;4
3;41;0;2;3;2;4
3;71;0;2;3;2;4
3;47;0;2;3;2;4
3;68;0;2;3;2;4
3;36;0;2;3;2;4
3;52;0;2;3;2;4
3;48;0;2;3;2;4
3;38;0;2;3;2;4
3;44;0;2;3;2;4
3;48;0;2;3;2;4
3;69;0;2;3;2;4
3;41;0;2;3;2;4
3;37;0;2;3;2;4
3;30;0;2;3;2;4
3;50;0;2;3;2;4
3;39;0;2;3;2;4
3;37;0;2;3;2;4
3;43;0;2;3;2;4
3;43;0;2;3;2;4
3;43;0;2;3;2;4
3;41;0;2;3;2;4
3;45;0;2;3;2;4
3;45;0;2;3;2;4
3;46;0;2;3;2;4
3;34;0;2;3;2;4
3;39;0;2;3;2;4
3;49;0;2;3;2;4
3;49;0;2;3;2;4
4;108;0;2;1;1;1;3
4;113;0;2;1;1;1;3
4;100;0;2;1;1;1;3
4;97;0;2;1;1;1;3
4;99;0;2;1;1;1;3
4;97;0;2;1;1;1;3
4;100;0;2;1;1;1;3
4;98;0;2;1;1;1;3
4;90;0;2;1;1;1;3
4;96;0;2;1;1;1;3
4;125;0;2;1;1;1;3
4;101;0;2;1;1;1;3
4;93;0;2;1;1;1;3
4;95;0;2;1;1;1;3
4;118;0;2;1;1;1;3
4;93;0;2;1;1;1;3
4;85;0;2;1;1;1;3
4;86;0;2;1;1;1;3
4;106;0;2;1;1;1;3
4;103;0;2;1;1;1;3
4;82;0;2;1;1;1;3
4;87;0;2;1;1;1;3
4;110;0;2;1;1;1;3
4;104;0;2;1;1;1;3
4;96;0;2;1;1;1;3
4;80;0;2;1;1;1;3
4;83;0;2;1;1;1;3
4;108;0;2;1;1;1;3
4;103;0;2;1;1;1;3
4;118;0;2;1;1;1;3
4;123;0;2;1;1;1;3
4;96;0;2;1;1;1;3
4;95;0;2;1;1;1;3
4;101;0;2;1;1;1;3
4;92;0;2;1;1;1;3
4;87;0;2;1;1;1;3
4;100;0;2;1;1;1;3
4;78;0;2;1;1;1;3
4;116;0;2;1;1;1;3
4;103;0;2;1;1;1;3
4;97;0;2;1;1;1;3
4;101;0;2;1;1;1;3
4;89;0;2;1;1;1;3
4;105;0;2;1;1;1;3
4;102;0;2;1;1;1;3
4;77;0;2;1;1;1;3
4;100;0;2;1;1;1;3
4;116;0;2;1;1;1;3
4;125;0;2;1;1;1;3
4;104;0;2;1;1;1;3
4;77;0;1;1;2;1;5
4;85;0;1;1;2;1;5
4;91;0;1;1;2;1;5
4;94;0;1;1;2;1;5
4;79;0;1;1;2;1;5
4;94;0;1;1;2;1;5
4;92;0;1;1;2;1;5
4;106;0;1;1;2;1;5
4;111;0;1;1;2;1;5
4;109;0;1;1;2;1;5
4;114;0;1;1;2;1;5
4;130;0;1;1;2;1;5
4;106;0;1;1;2;1;5
4;87;0;1;1;2;1;5
4;143;0;1;1;2;1;5
4;80;0;1;1;2;1;5
4;106;0;1;1;2;1;5
4;85;0;1;1;2;1;5
4;93;0;1;1;2;1;5
4;127;0;1;1;2;1;5
4;98;0;1;1;2;1;5
4;92;0;1;1;2;1;5
4;92;0;1;1;2;1;5
4;104;0;1;1;2;1;5
4;88;0;1;1;2;1;5
4;130;0;1;1;2;1;5
4;103;0;1;1;2;1;5
4;103;0;1;1;2;1;5
4;99;0;1;1;2;1;5
4;108;0;1;1;2;1;5
4;143;0;1;1;2;1;5
4;89;0;1;1;2;1;5
4;124;0;1;1;2;1;5
4;95;0;1;1;2;1;5
4;121;0;1;1;2;1;5
4;196;0;1;1;2;1;5
4;85;0;1;1;2;1;5
4;89;0;1;1;2;1;5
4;83;0;1;1;2;1;5
4;86;0;1;1;2;1;5
4;100;0;1;1;2;1;5
4;89;0;1;1;2;1;5
4;125;0;1;1;2;1;5
4;90;0;1;1;2;1;5
4;102;0;1;1;2;1;5
4;109;0;1;1;2;1;5
4;99;0;1;1;2;1;5
4;79;0;1;1;2;1;5
4;106;0;1;1;2;1;5
4;110;0;1;1;2;1;5
4;105;0;1;1;1;2;6
4;93;0;1;1;1;2;6
4;89;0;1;1;1;2;6
4;81;1;1;1;1;2;6
4;107;0;1;1;1;2;6
4;109;0;1;1;1;2;6
4;108;0;1;1;1;2;6
4;98;0;1;1;1;2;6
4;110;0;1;1;1;2;6
4;117;0;1;1;1;2;6
4;140;0;1;1;1;2;6
4;109;0;1;1;1;2;6
4;105;0;1;1;1;2;6
4;151;0;1;1;1;2;6
4;132;0;1;1;1;2;6
4;96;0;1;1;1;2;6
4;115;0;1;1;1;2;6
4;84;0;1;1;1;2;6
4;92;0;1;1;1;2;6
4;87;0;1;1;1;2;6
4;89;0;1;1;1;2;6
4;141;0;1;1;1;2;6
4;122;0;1;1;1;2;6
4;111;0;1;1;1;2;6
4;84;0;1;1;1;2;6
4;90;0;1;1;1;2;6
4;90;0;1;1;1;2;6
4;91;0;1;1;1;2;6
4;105;0;1;1;1;2;6
4;133;0;1;1;1;2;6
4;91;0;1;1;1;2;6
4;86;0;1;1;1;2;6
4;114;0;1;1;1;2;6
4;95;0;1;1;1;2;6
4;104;0;1;1;1;2;6
4;103;0;1;1;1;2;6
4;96;0;1;1;1;2;6
4;96;0;1;1;1;2;6
4;78;0;1;1;1;2;6
4;112;0;1;1;1;2;6
4;89;0;1;1;1;2;6
4;91;0;1;1;1;2;6
4;99;0;1;1;1;2;6
4;114;0;1;1;1;2;6
4;109;0;1;1;1;2;6
4;116;0;1;1;1;2;6
4;104;0;1;1;1;2;6
4;108;0;1;1;1;2;6
4;98;0;1;1;1;2;6
4;109;0;1;1;1;2;6
4;111;0;1;2;1;1;4
4;144;0;1;2;1;1;4
4;118;0;1;2;1;1;4
4;87;0;1;2;1;1;4
4;129;0;1;2;1;1;4
4;156;0;1;2;1;1;4
4;105;0;1;2;1;1;4
4;115;0;1;2;1;1;4
4;93;0;1;2;1;1;4
4;104;0;1;2;1;1;4
4;121;0;1;2;1;1;4
4;87;0;1;2;1;1;4
4;126;0;1;2;1;1;4
4;97;0;1;2;1;1;4
4;96;0;1;2;1;1;4
4;80;0;1;2;1;1;4
4;83;0;1;2;1;1;4
4;111;0;1;2;1;1;4
4;126;0;1;2;1;1;4
4;103;0;1;2;1;1;4
4;120;0;1;2;1;1;4
4;118;0;1;2;1;1;4
4;94;0;1;2;1;1;4
4;92;0;1;2;1;1;4
4;90;0;1;2;1;1;4
4;108;0;1;2;1;1;4
4;119;0;1;2;1;1;4
4;95;0;1;2;1;1;4
4;95;0;1;2;1;1;4
4;88;0;1;2;1;1;4
4;97;0;1;2;1;1;4
4;110;0;1;2;1;1;4
4;146;0;1;2;1;1;4
4;108;0;1;2;1;1;4
4;91;0;1;2;1;1;4
4;116;0;1;2;1;1;4
4;109;0;1;2;1;1;4
4;140;0;1;2;1;1;4
4;110;0;1;2;1;1;4
4;130;0;1;2;1;1;4
4;90;0;1;2;1;1;4
4;131;0;1;2;1;1;4
4;112;0;1;2;1;1;4
4;91;0;1;2;1;1;4
4;154;0;1;2;1;1;4
4;110;0;1;2;1;1;4
4;79;0;1;2;1;1;4
4;135;0;1;2;1;1;4
4;90;0;1;2;1;1;4
4;110;0;1;2;1;1;4
4;111;0;3;1;1;1;3
4;79;0;3;1;1;1;3
4;67;0;3;1;1;1;3
4;72;0;3;1;1;1;3
4;101;0;3;1;1;1;3
4;62;0;3;1;1;1;3
4;67;1;3;1;1;1;3
4;36;1;3;1;1;1;3
4;108;0;3;1;1;1;3
4;126;0;3;1;1;1;3
4;106;0;3;1;1;1;3
4;123;0;3;1;1;1;3
4;136;0;3;1;1;1;3
4;46;1;3;1;1;1;3
4;137;0;3;1;1;1;3
4;91;1;3;1;1;1;3
4;71;0;3;1;1;1;3
4;110;0;3;1;1;1;3
4;125;0;3;1;1;1;3
4;51;0;3;1;1;1;3
4;81;0;3;1;1;1;3
4;70;0;3;1;1;1;3
4;84;0;3;1;1;1;3
4;93;0;3;1;1;1;3
4;44;0;3;1;1;1;3
4;109;0;3;1;1;1;3
4;113;0;3;1;1;1;3
4;100;0;3;1;1;1;3
4;64;0;3;1;1;1;3
4;62;1;3;1;1;1;3
4;143;0;3;1;1;1;3
4;58;0;3;1;1;1;3
4;66;1;3;1;1;1;3
4;38;1;3;1;1;1;3
4;31;1;3;1;1;1;3
4;102;0;3;1;1;1;3
4;43;0;3;1;1;1;3
4;72;0;3;1;1;1;3
4;56;0;3;1;1;1;3
4;78;0;3;1;1;1;3
4;62;0;3;1;1;1;3
4;103;1;3;1;1;1;3
4;73;0;3;1;1;1;3
4;31;1;3;1;1;1;3
4;84;0;3;1;1;1;3
4;76;0;3;1;1;1;3
4;113;0;3;1;1;1;3
4;55;1;3;1;1;1;3
4;136;0;3;1;1;1;3
4;58;0;3;1;1;1;3
4;89;0;1;1;3;1;5
4;71;0;1;1;3;1;5
4;78;1;1;1;3;1;5
4;48;0;1;1;3;1;5
4;125;0;1;1;3;1;5
4;62;1;1;1;3;1;5
4;67;0;1;1;3;1;5
4;61;1;1;1;3;1;5
4;70;0;1;1;3;1;5
4;134;0;1;1;3;1;5
4;54;0;1;1;3;1;5
4;34;1;1;1;3;1;5
4;65;0;1;1;3;1;5
4;59;0;1;1;3;1;5
4;76;0;1;1;3;1;5
4;97;0;1;1;3;1;5
4;38;1;1;1;3;1;5
4;63;0;1;1;3;1;5
4;49;0;1;1;3;1;5
4;49;0;1;1;3;1;5
4;42;0;1;1;3;1;5
4;61;0;1;1;3;1;5
4;78;0;1;1;3;1;5
4;84;0;1;1;3;1;5
4;79;0;1;1;3;1;5
4;42;0;1;1;3;1;5
4;46;0;1;1;3;1;5
4;103;0;1;1;3;1;5
4;54;0;1;1;3;1;5
4;100;0;1;1;3;1;5
4;45;0;1;1;3;1;5
4;46;0;1;1;3;1;5
4;101;1;1;1;3;1;5
4;54;0;1;1;3;1;5
4;73;0;1;1;3;1;5
4;112;0;1;1;3;1;5
4;50;0;1;1;3;1;5
4;57;0;1;1;3;1;5
4;81;0;1;1;3;1;5
4;45;0;1;1;3;1;5
4;47;1;1;1;3;1;5
4;41;0;1;1;3;1;5
4;95;1;1;1;3;1;5
4;63;1;1;1;3;1;5
4;35;1;1;1;3;1;5
4;42;1;1;1;3;1;5
4;40;0;1;1;3;1;5
4;49;0;1;1;3;1;5
4;75;0;1;1;3;1;5
4;76;0;1;1;3;1;5
4;123;0;1;1;1;3;6
4;113;0;1;1;1;3;6
4;50;0;1;1;1;3;6
4;85;0;1;1;1;3;6
4;103;0;1;1;1;3;6
4;90;0;1;1;1;3;6
4;74;0;1;1;1;3;6
4;78;0;1;1;1;3;6
4;84;0;1;1;1;3;6
4;49;1;1;1;1;3;6
4;81;0;1;1;1;3;6
4;67;0;1;1;1;3;6
4;96;0;1;1;1;3;6
4;61;0;1;1;1;3;6
4;52;0;1;1;1;3;6
4;78;0;1;1;1;3;6
4;66;0;1;1;1;3;6
4;97;0;1;1;1;3;6
4;60;0;1;1;1;3;6
4;107;0;1;1;1;3;6
4;96;0;1;1;1;3;6
4;83;0;1;1;1;3;6
4;50;0;1;1;1;3;6
4;104;0;1;1;1;3;6
4;107;0;1;1;1;3;6
4;89;0;1;1;1;3;6
4;65;0;1;1;1;3;6
4;91;0;1;1;1;3;6
4;45;0;1;1;1;3;6
4;76;0;1;1;1;3;6
4;94;0;1;1;1;3;6
4;72;0;1;1;1;3;6
4;81;0;1;1;1;3;6
4;91;0;1;1;1;3;6
4;61;0;1;1;1;3;6
4;84;0;1;1;1;3;6
4;64;0;1;1;1;3;6
4;124;0;1;1;1;3;6
4;73;0;1;1;1;3;6
4;71;0;1;1;1;3;6
4;68;0;1;1;1;3;6
4;55;0;1;1;1;3;6
4;34;1;1;1;1;3;6
4;72;0;1;1;1;3;6
4;37;0;1;1;1;3;6
4;93;1;1;1;1;3;6
4;91;0;1;1;1;3;6
4;59;0;1;1;1;3;6
4;51;0;1;1;1;3;6
4;61;0;1;1;1;3;6
4;57;0;1;3;1;1;4
4;49;1;1;3;1;1;4
4;49;1;1;3;1;1;4
4;144;0;1;3;1;1;4
4;112;0;1;3;1;1;4
4;97;0;1;3;1;1;4
4;53;0;1;3;1;1;4
4;53;0;1;3;1;1;4
4;83;1;1;3;1;1;4
4;79;0;1;3;1;1;4
4;117;0;1;3;1;1;4
4;47;1;1;3;1;1;4
4;159;0;1;3;1;1;4
4;134;1;1;3;1;1;4
4;99;0;1;3;1;1;4
4;83;0;1;3;1;1;4
4;87;0;1;3;1;1;4
4;116;0;1;3;1;1;4
4;39;1;1;3;1;1;4
4;78;0;1;3;1;1;4
4;37;1;1;3;1;1;4
4;92;0;1;3;1;1;4
4;56;1;1;3;1;1;4
4;95;1;1;3;1;1;4
4;83;0;1;3;1;1;4
4;68;0;1;3;1;1;4
4;113;0;1;3;1;1;4
4;70;0;1;3;1;1;4
4;90;0;1;3;1;1;4
4;59;1;1;3;1;1;4
4;107;0;1;3;1;1;4
4;58;1;1;3;1;1;4
4;92;0;1;3;1;1;4
4;81;0;1;3;1;1;4
4;108;0;1;3;1;1;4
4;131;0;1;3;1;1;4
4;123;0;1;3;1;1;4
4;102;0;1;3;1;1;4
4;64;0;1;3;1;1;4
4;83;0;1;3;1;1;4
4;53;1;1;3;1;1;4
4;89;0;1;3;1;1;4
4;92;0;1;3;1;1;4
4;70;0;1;3;1;1;4
4;90;0;1;3;1;1;4
4;89;0;1;3;1;1;4
4;36;1;1;3;1;1;4
4;51;0;1;3;1;1;4
4;114;0;1;3;1;1;4
4;94;0;1;3;1;1;4
4;81;0;3;2;2;2;4
4;72;0;3;2;2;2;6
4;73;0;3;2;2;2;3
4;77;1;3;2;2;2;3
4;76;0;3;2;2;2;3
4;28;1;3;2;2;2;3
4;63;1;3;2;2;2;3
4;63;1;3;2;2;2;3
4;38;1;3;2;2;2;3
4;43;1;3;2;2;2;3
4;53;0;3;2;2;2;3
4;49;0;3;2;2;2;3
4;68;0;3;2;2;2;3
4;56;0;3;2;2;2;3
4;54;0;3;2;2;2;3
4;50;0;3;2;2;2;3
4;63;0;3;2;2;2;3
4;67;1;3;2;2;2;3
4;59;0;3;2;2;2;3
4;67;0;3;2;2;2;3
4;49;0;3;2;2;2;3
4;38;0;3;2;2;2;3
4;55;1;3;2;2;2;3
4;35;1;3;2;2;2;3
4;49;1;3;2;2;2;3
4;68;0;3;2;2;2;3
4;50;1;3;2;2;2;3
4;67;0;3;2;2;2;3
4;37;1;3;2;2;2;3
4;32;1;3;2;2;2;3
4;60;1;3;2;2;2;3
4;37;1;3;2;2;2;3
4;45;0;3;2;2;2;3
4;46;0;3;2;2;2;3
4;62;0;3;2;2;2;3
4;86;0;3;2;2;2;6
4;70;0;3;2;2;2;3
4;55;1;3;2;2;2;3
4;74;0;3;2;2;2;3
4;50;1;3;2;2;2;3
4;49;0;3;2;2;2;3
4;73;0;3;2;2;2;3
4;87;0;3;2;2;2;4
4;60;0;3;2;2;2;3
4;48;0;3;2;2;2;3
4;70;1;3;2;2;2;3
4;57;0;3;2;2;2;3
4;45;1;3;2;2;2;3
4;66;0;3;2;2;2;3
4;53;1;3;2;2;2;3
4;65;0;2;2;3;2;5
4;41;1;2;2;3;2;5
4;82;0;2;2;3;2;5
4;86;0;2;2;3;2;6
4;46;1;2;2;3;2;5
4;77;0;2;2;3;2;5
4;59;0;2;2;3;2;5
4;34;1;2;2;3;2;5
4;66;0;2;2;3;2;5
4;54;0;2;2;3;2;5
4;58;0;2;2;3;2;5
4;81;0;2;2;3;2;5
4;49;0;2;2;3;2;5
4;82;0;2;2;3;2;5
4;39;0;2;2;3;2;5
4;63;0;2;2;3;2;5
4;69;0;2;2;3;2;5
4;77;0;2;2;3;2;5
4;57;1;2;2;3;2;5
4;59;0;2;2;3;2;5
4;50;0;2;2;3;2;5
4;64;0;2;2;3;2;5
4;58;0;2;2;3;2;5
4;45;0;2;2;3;2;5
4;38;1;2;2;3;2;5
4;55;0;2;2;3;2;5
4;75;0;2;2;3;2;5
4;33;1;2;2;3;2;5
4;59;0;2;2;3;2;5
4;40;1;2;2;3;2;5
4;53;0;2;2;3;2;5
4;47;0;2;2;3;2;5
4;45;1;2;2;3;2;5
4;48;1;2;2;3;2;5
4;59;0;2;2;3;2;5
4;78;0;2;2;3;2;5
4;43;0;2;2;3;2;5
4;66;0;2;2;3;2;5
4;51;1;2;2;3;2;5
4;33;1;2;2;3;2;5
4;62;1;2;2;3;2;5
4;39;1;2;2;3;2;5
4;58;0;2;2;3;2;5
4;81;0;2;2;3;2;4
4;44;0;2;2;3;2;5
4;50;0;2;2;3;2;5
4;39;1;2;2;3;2;5
4;37;1;2;2;3;2;5
4;67;0;2;2;3;2;5
4;59;0;2;2;3;2;5
4;52;0;2;2;2;3;6
4;69;0;2;2;2;3;6
4;45;0;2;2;2;3;6
4;94;0;2;2;2;3;5
4;59;0;2;2;2;3;6
4;43;0;2;2;2;3;6
4;59;0;2;2;2;3;6
4;58;0;2;2;2;3;6
4;54;0;2;2;2;3;6
4;104;0;2;2;2;3;5
4;47;1;2;2;2;3;6
4;42;1;2;2;2;3;6
4;92;0;2;2;2;3;5
4;50;0;2;2;2;3;6
4;57;1;2;2;2;3;6
4;50;0;2;2;2;3;6
4;42;0;2;2;2;3;6
4;69;0;2;2;2;3;6
4;55;0;2;2;2;3;6
4;48;0;2;2;2;3;6
4;44;0;2;2;2;3;6
4;57;0;2;2;2;3;6
4;102;0;2;2;2;3;4
4;48;0;2;2;2;3;6
4;45;0;2;2;2;3;6
4;126;0;2;2;2;3;4
4;57;0;2;2;2;3;6
4;83;0;2;2;2;3;4
4;69;0;2;2;2;3;6
4;64;0;2;2;2;3;6
4;80;0;2;2;2;3;4
4;48;0;2;2;2;3;6
4;48;0;2;2;2;3;6
4;63;0;2;2;2;3;6
4;65;0;2;2;2;3;6
4;54;0;2;2;2;3;6
4;49;0;2;2;2;3;6
4;49;0;2;2;2;3;6
4;55;1;2;2;2;3;6
4;57;0;2;2;2;3;6
4;69;0;2;2;2;3;6
4;52;0;2;2;2;3;6
4;69;0;2;2;2;3;6
4;40;0;2;2;2;3;6
4;45;0;2;2;2;3;6
4;52;0;2;2;2;3;6
4;47;0;2;2;2;3;6
4;48;0;2;2;2;3;6
4;52;0;2;2;2;3;6
4;49;0;2;2;2;3;6
4;39;1;2;3;2;2;4
4;87;0;2;3;2;2;3
4;51;1;2;3;2;2;4
4;57;1;2;3;2;2;4
4;81;0;2;3;2;2;4
4;44;1;2;3;2;2;4
4;66;0;2;3;2;2;4
4;35;0;2;3;2;2;4
4;81;0;2;3;2;2;6
4;56;0;2;3;2;2;4
4;42;0;2;3;2;2;4
4;47;0;2;3;2;2;4
4;86;0;2;3;2;2;6
4;59;0;2;3;2;2;4
4;59;0;2;3;2;2;4
4;42;0;2;3;2;2;4
4;74;0;2;3;2;2;4
4;60;0;2;3;2;2;4
4;71;1;2;3;2;2;4
4;52;0;2;3;2;2;4
4;40;0;2;3;2;2;4
4;46;0;2;3;2;2;4
4;33;1;2;3;2;2;4
4;105;0;2;3;2;2;3
4;50;0;2;3;2;2;4
4;35;1;2;3;2;2;4
4;83;0;2;3;2;2;6
4;83;0;2;3;2;2;6
4;71;0;2;3;2;2;3
4;109;0;2;3;2;2;3
4;45;0;2;3;2;2;4
4;79;0;2;3;2;2;4
4;68;0;2;3;2;2;4
4;85;0;2;3;2;2;6
4;39;1;2;3;2;2;4
4;45;0;2;3;2;2;4
4;38;0;2;3;2;2;4
4;53;0;2;3;2;2;4
4;82;0;2;3;2;2;6
4;71;0;2;3;2;2;4
4;50;0;2;3;2;2;4
4;58;0;2;3;2;2;4
4;51;0;2;3;2;2;4
4;60;0;2;3;2;2;4
4;44;1;2;3;2;2;4
4;65;0;2;3;2;2;4
4;62;0;2;3;2;2;4
4;96;0;2;3;2;2;6
4;75;0;2;3;2;2;4
4;84;0;2;3;2;2;4
6;190;0;2;1;1;1;1;1;2
6;192;0;2;1;1;1;1;1;2
6;230;0;2;1;1;1;1;1;2
6;196;0;2;1;1;1;1;1;7
6;161;0;2;1;1;1;1;1;2
6;183;0;2;1;1;1;1;1;2
6;168;0;2;1;1;1;1;1;2
6;150;0;2;1;1;1;1;1;2
6;240;0;2;1;1;1;1;1;7
6;168;0;2;1;1;1;1;1;2
6;197;0;2;1;1;1;1;1;2
6;149;0;2;1;1;1;1;1;2
6;144;0;2;1;1;1;1;1;2
6;263;0;2;1;1;1;1;1;2
6;240;0;2;1;1;1;1;1;2
6;227;0;2;1;1;1;1;1;7
6;176;0;2;1;1;1;1;1;2
6;183;0;2;1;1;1;1;1;2
6;187;0;2;1;1;1;1;1;2
6;254;0;2;1;1;1;1;1;2
6;147;0;2;1;1;1;1;1;2
6;212;0;2;1;1;1;1;1;2
6;163;0;2;1;1;1;1;1;2
6;174;0;2;1;1;1;1;1;2
6;136;0;2;1;1;1;1;1;2
6;229;0;2;1;1;1;1;1;2
6;187;0;2;1;1;1;1;1;2
6;191;0;2;1;1;1;1;1;2
6;198;0;2;1;1;1;1;1;2
6;186;0;2;1;1;1;1;1;2
6;238;0;2;1;1;1;1;1;2
6;193;0;2;1;1;1;1;1;2
6;221;0;2;1;1;1;1;1;2
6;179;0;2;1;1;1;1;1;2
6;221;0;2;1;1;1;1;1;2
6;217;0;2;1;1;1;1;1;7
6;206;0;2;1;1;1;1;1;2
6;229;0;2;1;1;1;1;1;7
6;189;0;2;1;1;1;1;1;2
6;241;0;2;1;1;1;1;1;2
6;190;0;2;1;1;1;1;1;2
6;210;0;2;1;1;1;1;1;2
6;237;0;2;1;1;1;1;1;2
6;214;0;2;1;1;1;1;1;2
6;215;0;2;1;1;1;1;1;7
6;195;0;2;1;1;1;1;1;2
6;180;0;2;1;1;1;1;1;2
6;213;0;2;1;1;1;1;1;2
6;143;0;2;1;1;1;1;1;2
6;209;0;2;1;1;1;1;1;2
6;108;0;1;2;1;1;1;1;3
6;137;0;1;2;1;1;1;1;3
6;93;0;1;2;1;1;1;1;3
6;119;0;1;2;1;1;1;1;3
6;115;0;1;2;1;1;1;1;3
6;197;0;1;2;1;1;1;1;3
6;137;0;1;2;1;1;1;1;3
6;104;0;1;2;1;1;1;1;3
6;115;0;1;2;1;1;1;1;3
6;102;0;1;2;1;1;1;1;3
6;106;0;1;2;1;1;1;1;3
6;150;0;1;2;1;1;1;1;3
6;154;0;1;2;1;1;1;1;3
6;95;0;1;2;1;1;1;1;3
6;163;0;1;2;1;1;1;1;3
6;98;0;1;2;1;1;1;1;3
6;163;0;1;2;1;1;1;1;3
6;109;0;1;2;1;1;1;1;3
6;91;0;1;2;1;1;1;1;3
6;92;0;1;2;1;1;1;1;3
6;88;0;1;2;1;1;1;1;3
6;90;0;1;2;1;1;1;1;3
6;97;0;1;2;1;1;1;1;3
6;95;0;1;2;1;1;1;1;3
6;105;0;1;2;1;1;1;1;3
6;113;0;1;2;1;1;1;1;3
6;136;0;1;2;1;1;1;1;3
6;99;0;1;2;1;1;1;1;3
6;113;0;1;2;1;1;1;1;3
6;109;0;1;2;1;1;1;1;3
6;140;0;1;2;1;1;1;1;3
6;94;0;1;2;1;1;1;1;3
6;98;0;1;2;1;1;1;1;3
6;91;0;1;2;1;1;1;1;3
6;138;0;1;2;1;1;1;1;3
6;144;0;1;2;1;1;1;1;3
6;89;0;1;2;1;1;1;1;3
6;102;0;1;2;1;1;1;1;3
6;115;0;1;2;1;1;1;1;3
6;98;0;1;2;1;1;1;1;3
6;110;0;1;2;1;1;1;1;3
6;89;0;1;2;1;1;1;1;3
6;99;0;1;2;1;1;1;1;3
6;102;0;1;2;1;1;1;1;3
6;118;0;1;2;1;1;1;1;3
6;111;0;1;2;1;1;1;1;3
6;113;0;1;2;1;1;1;1;3
6;166;0;1;2;1;1;1;1;3
6;104;0;1;2;1;1;1;1;3
6;118;0;1;2;1;1;1;1;3
6;101;0;1;1;1;2;1;1;5
6;97;0;1;1;1;2;1;1;5
6;115;0;1;1;1;2;1;1;5
6;91;0;1;1;1;2;1;1;5
6;89;0;1;1;1;2;1;1;5
6;91;0;1;1;1;2;1;1;5
6;154;0;1;1;1;2;1;1;5
6;132;0;1;1;1;2;1;1;5
6;126;0;1;1;1;2;1;1;5
6;113;0;1;1;1;2;1;1;5
6;114;0;1;1;1;2;1;1;5
6;148;0;1;1;1;2;1;1;5
6;97;0;1;1;1;2;1;1;5
6;85;0;1;1;1;2;1;1;5
6;96;0;1;1;1;2;1;1;5
6;145;0;1;1;1;2;1;1;5
6;105;0;1;1;1;2;1;1;5
6;100;0;1;1;1;2;1;1;5
6;112;0;1;1;1;2;1;1;5
6;93;0;1;1;1;2;1;1;5
6;96;0;1;1;1;2;1;1;5
6;142;0;1;1;1;2;1;1;5
6;90;0;1;1;1;2;1;1;5
6;146;0;1;1;1;2;1;1;5
6;138;0;1;1;1;2;1;1;5
6;209;0;1;1;1;2;1;1;5
6;89;0;1;1;1;2;1;1;5
6;104;0;1;1;1;2;1;1;5
6;114;0;1;1;1;2;1;1;5
6;115;0;1;1;1;2;1;1;5
6;92;0;1;1;1;2;1;1;5
6;82;0;1;1;1;2;1;1;5
6;120;0;1;1;1;2;1;1;5
6;89;0;1;1;1;2;1;1;5
6;122;0;1;1;1;2;1;1;5
6;104;0;1;1;1;2;1;1;5
6;93;0;1;1;1;2;1;1;5
6;94;0;1;1;1;2;1;1;5
6;86;0;1;1;1;2;1;1;5
6;95;0;1;1;1;2;1;1;5
6;96;0;1;1;1;2;1;1;5
6;122;0;1;1;1;2;1;1;5
6;100;0;1;1;1;2;1;1;5
6;109;0;1;1;1;2;1;1;5
6;130;0;1;1;1;2;1;1;5
6;90;0;1;1;1;2;1;1;5
6;128;0;1;1;1;2;1;1;5
6;90;0;1;1;1;2;1;1;5
6;93;0;1;1;1;2;1;1;5
6;117;0;1;1;1;2;1;1;5
6;189;0;1;1;1;1;1;2;7
6;200;0;1;1;1;1;1;2;7
6;212;0;1;1;1;1;1;2;7
6;229;0;1;1;1;1;1;2;7
6;231;0;1;1;1;1;1;2;7
6;226;0;1;1;1;1;1;2;7
6;257;0;1;1;1;1;1;2;7
6;165;0;1;1;1;1;1;2;7
6;187;0;1;1;1;1;1;2;7
6;148;0;1;1;1;1;1;2;7
6;159;0;1;1;1;1;1;2;7
6;206;0;1;1;1;1;1;2;7
6;186;0;1;1;1;1;1;2;7
6;127;0;1;1;1;1;1;2;7
6;185;0;1;1;1;1;1;2;7
6;251;0;1;1;1;1;1;2;7
6;268;0;1;1;1;1;1;2;7
6;222;0;1;1;1;1;1;2;7
6;199;0;1;1;1;1;1;2;7
6;243;0;1;1;1;1;1;2;7
6;249;0;1;1;1;1;1;2;2
6;152;0;1;1;1;1;1;2;7
6;190;0;1;1;1;1;1;2;7
6;211;0;1;1;1;1;1;2;7
6;188;0;1;1;1;1;1;2;7
6;215;0;1;1;1;1;1;2;7
6;227;0;1;1;1;1;1;2;7
6;189;0;1;1;1;1;1;2;7
6;211;0;1;1;1;1;1;2;7
6;191;0;1;1;1;1;1;2;7
6;223;0;1;1;1;1;1;2;7
6;185;0;1;1;1;1;1;2;7
6;187;0;1;1;1;1;1;2;7
6;182;0;1;1;1;1;1;2;7
6;230;0;1;1;1;1;1;2;2
6;249;0;1;1;1;1;1;2;7
6;170;0;1;1;1;1;1;2;7
6;208;0;1;1;1;1;1;2;7
6;224;0;1;1;1;1;1;2;7
6;202;0;1;1;1;1;1;2;7
6;191;0;1;1;1;1;1;2;7
6;204;0;1;1;1;1;1;2;7
6;245;0;1;1;1;1;1;2;7
6;195;0;1;1;1;1;1;2;7
6;219;0;1;1;1;1;1;2;7
6;227;0;1;1;1;1;1;2;7
6;221;0;1;1;1;1;1;2;7
6;175;0;1;1;1;1;1;2;7
6;199;0;1;1;1;1;1;2;7
6;249;0;1;1;1;1;1;2;7
6;88;0;1;1;1;1;2;1;6
6;93;0;1;1;1;1;2;1;6
6;144;0;1;1;1;1;2;1;6
6;121;0;1;1;1;1;2;1;6
6;107;0;1;1;1;1;2;1;6
6;120;0;1;1;1;1;2;1;6
6;117;0;1;1;1;1;2;1;6
6;85;0;1;1;1;1;2;1;6
6;128;0;1;1;1;1;2;1;6
6;88;0;1;1;1;1;2;1;6
6;92;0;1;1;1;1;2;1;6
6;122;0;1;1;1;1;2;1;6
6;107;0;1;1;1;1;2;1;6
6;117;0;1;1;1;1;2;1;6
6;129;0;1;1;1;1;2;1;6
6;108;0;1;1;1;1;2;1;6
6;86;0;1;1;1;1;2;1;6
6;108;0;1;1;1;1;2;1;6
6;116;0;1;1;1;1;2;1;6
6;100;0;1;1;1;1;2;1;6
6;107;0;1;1;1;1;2;1;6
6;102;0;1;1;1;1;2;1;6
6;81;0;1;1;1;1;2;1;6
6;84;0;1;1;1;1;2;1;6
6;104;0;1;1;1;1;2;1;6
6;112;0;1;1;1;1;2;1;6
6;119;0;1;1;1;1;2;1;6
6;93;0;1;1;1;1;2;1;6
6;104;0;1;1;1;1;2;1;6
6;136;0;1;1;1;1;2;1;6
6;100;0;1;1;1;1;2;1;6
6;103;0;1;1;1;1;2;1;6
6;113;0;1;1;1;1;2;1;6
6;111;0;1;1;1;1;2;1;6
6;86;0;1;1;1;1;2;1;6
6;121;0;1;1;1;1;2;1;6
6;119;0;1;1;1;1;2;1;6
6;110;0;1;1;1;1;2;1;6
6;84;0;1;1;1;1;2;1;6
6;171;0;1;1;1;1;2;1;6
6;87;0;1;1;1;1;2;1;6
6;84;0;1;1;1;1;2;1;6
6;98;0;1;1;1;1;2;1;6
6;143;0;1;1;1;1;2;1;6
6;128;0;1;1;1;1;2;1;6
6;114;0;1;1;1;1;2;1;6
6;90;0;1;1;1;1;2;1;6
6;97;0;1;1;1;1;2;1;6
6;112;0;1;1;1;1;2;1;6
6;101;0;1;1;1;1;2;1;6
6;124;0;1;1;2;1;1;1;4
6;97;0;1;1;2;1;1;1;4
6;114;0;1;1;2;1;1;1;4
6;132;0;1;1;2;1;1;1;4
6;133;0;1;1;2;1;1;1;4
6;93;0;1;1;2;1;1;1;4
6;118;0;1;1;2;1;1;1;4
6;86;0;1;1;2;1;1;1;4
6;100;0;1;1;2;1;1;1;4
6;155;0;1;1;2;1;1;1;4
6;90;0;1;1;2;1;1;1;4
6;108;0;1;1;2;1;1;1;4
6;115;0;1;1;2;1;1;1;4
6;121;0;1;1;2;1;1;1;4
6;121;0;1;1;2;1;1;1;4
6;133;0;1;1;2;1;1;1;4
6;134;0;1;1;2;1;1;1;4
6;108;0;1;1;2;1;1;1;4
6;134;0;1;1;2;1;1;1;4
6;94;0;1;1;2;1;1;1;4
6;104;0;1;1;2;1;1;1;4
6;176;0;1;1;2;1;1;1;4
6;107;0;1;1;2;1;1;1;4
6;134;0;1;1;2;1;1;1;4
6;98;0;1;1;2;1;1;1;4
6;128;0;1;1;2;1;1;1;4
6;119;0;1;1;2;1;1;1;4
6;141;0;1;1;2;1;1;1;4
6;99;0;1;1;2;1;1;1;4
6;124;0;1;1;2;1;1;1;4
6;101;0;1;1;2;1;1;1;4
6;98;0;1;1;2;1;1;1;4
6;111;0;1;1;2;1;1;1;4
6;175;0;1;1;2;1;1;1;4
6;96;0;1;1;2;1;1;1;4
6;142;0;1;1;2;1;1;1;4
6;92;0;1;1;2;1;1;1;4
6;116;0;1;1;2;1;1;1;4
6;127;0;1;1;2;1;1;1;4
6;100;0;1;1;2;1;1;1;4
6;86;0;1;1;2;1;1;1;4
6;87;0;1;1;2;1;1;1;4
6;111;0;1;1;2;1;1;1;4
6;84;0;1;1;2;1;1;1;4
6;137;0;1;1;2;1;1;1;4
6;124;0;1;1;2;1;1;1;4
6;87;0;1;1;2;1;1;1;4
6;116;0;1;1;2;1;1;1;4
6;114;0;1;1;2;1;1;1;4
6;93;0;1;1;2;1;1;1;4
6;82;1;3;1;1;1;1;1;2
6;160;1;3;1;1;1;1;1;2
6;122;0;3;1;1;1;1;1;2
6;228;1;3;1;1;1;1;1;2
6;149;1;3;1;1;1;1;1;2
6;235;1;3;1;1;1;1;1;2
6;199;1;3;1;1;1;1;1;2
6;199;0;3;1;1;1;1;1;2
6;237;1;3;1;1;1;1;1;2
6;176;0;3;1;1;1;1;1;2
6;213;1;3;1;1;1;1;1;2
6;193;1;3;1;1;1;1;1;2
6;212;0;3;1;1;1;1;1;2
6;206;0;3;1;1;1;1;1;2
6;183;1;3;1;1;1;1;1;2
6;175;1;3;1;1;1;1;1;2
6;133;0;3;1;1;1;1;1;2
6;147;0;3;1;1;1;1;1;2
6;243;0;3;1;1;1;1;1;2
6;244;0;3;1;1;1;1;1;2
6;189;1;3;1;1;1;1;1;2
6;330;1;3;1;1;1;1;1;2
6;211;1;3;1;1;1;1;1;2
6;134;1;3;1;1;1;1;1;2
6;92;1;3;1;1;1;1;1;2
6;143;0;3;1;1;1;1;1;2
6;277;1;3;1;1;1;1;1;2
6;192;1;3;1;1;1;1;1;2
6;177;1;3;1;1;1;1;1;2
6;168;1;3;1;1;1;1;1;2
6;144;1;3;1;1;1;1;1;2
6;153;1;3;1;1;1;1;1;2
6;116;1;3;1;1;1;1;1;2
6;187;1;3;1;1;1;1;1;2
6;205;1;3;1;1;1;1;1;2
6;206;1;3;1;1;1;1;1;2
6;213;0;3;1;1;1;1;1;2
6;176;0;3;1;1;1;1;1;2
6;109;0;3;1;1;1;1;1;2
6;195;1;3;1;1;1;1;1;2
6;199;1;3;1;1;1;1;1;2
6;307;1;3;1;1;1;1;1;2
6;228;0;3;1;1;1;1;1;2
6;173;0;3;1;1;1;1;1;2
6;178;1;3;1;1;1;1;1;2
6;218;1;3;1;1;1;1;1;2
6;172;0;3;1;1;1;1;1;2
6;227;1;3;1;1;1;1;1;2
6;73;1;3;1;1;1;1;1;2
6;185;0;3;1;1;1;1;1;2
6;62;0;1;3;1;1;1;1;3
6;47;0;1;3;1;1;1;1;3
6;98;0;1;3;1;1;1;1;3
6;140;0;1;3;1;1;1;1;3
6;59;0;1;3;1;1;1;1;3
6;74;0;1;3;1;1;1;1;3
6;105;1;1;3;1;1;1;1;3
6;72;0;1;3;1;1;1;1;3
6;109;1;1;3;1;1;1;1;3
6;69;1;1;3;1;1;1;1;3
6;73;0;1;3;1;1;1;1;3
6;125;0;1;3;1;1;1;1;3
6;79;1;1;3;1;1;1;1;3
6;78;0;1;3;1;1;1;1;3
6;45;0;1;3;1;1;1;1;3
6;54;1;1;3;1;1;1;1;3
6;74;0;1;3;1;1;1;1;3
6;116;0;1;3;1;1;1;1;3
6;26;1;1;3;1;1;1;1;3
6;168;0;1;3;1;1;1;1;3
6;76;0;1;3;1;1;1;1;3
6;126;0;1;3;1;1;1;1;3
6;57;1;1;3;1;1;1;1;3
6;162;0;1;3;1;1;1;1;3
6;45;0;1;3;1;1;1;1;3
6;109;0;1;3;1;1;1;1;3
6;116;0;1;3;1;1;1;1;3
6;61;0;1;3;1;1;1;1;3
6;61;0;1;3;1;1;1;1;3
6;62;0;1;3;1;1;1;1;3
6;71;0;1;3;1;1;1;1;3
6;181;0;1;3;1;1;1;1;3
6;84;0;1;3;1;1;1;1;3
6;42;0;1;3;1;1;1;1;3
6;50;0;1;3;1;1;1;1;3
6;29;1;1;3;1;1;1;1;3
6;147;0;1;3;1;1;1;1;3
6;98;0;1;3;1;1;1;1;3
6;150;0;1;3;1;1;1;1;3
6;77;0;1;3;1;1;1;1;3
6;122;0;1;3;1;1;1;1;3
6;64;1;1;3;1;1;1;1;3
6;88;0;1;3;1;1;1;1;3
6;74;0;1;3;1;1;1;1;3
6;42;1;1;3;1;1;1;1;3
6;70;0;1;3;1;1;1;1;3
6;73;1;1;3;1;1;1;1;3
6;111;0;1;3;1;1;1;1;3
6;99;0;1;3;1;1;1;1;3
6;64;0;1;3;1;1;1;1;3
6;149;0;1;1;1;3;1;1;5
6;53;0;1;1;1;3;1;1;5
6;100;0;1;1;1;3;1;1;5
6;69;0;1;1;1;3;1;1;5
6;84;0;1;1;1;3;1;1;5
6;104;0;1;1;1;3;1;1;5
6;57;0;1;1;1;3;1;1;5
6;74;0;1;1;1;3;1;1;5
6;142;0;1;1;1;3;1;1;5
6;53;1;1;1;1;3;1;1;5
6;85;0;1;1;1;3;1;1;5
6;73;0;1;1;1;3;1;1;5
6;45;0;1;1;1;3;1;1;5
6;56;0;1;1;1;3;1;1;5
6;79;0;1;1;1;3;1;1;5
6;65;0;1;1;1;3;1;1;5
6;67;0;1;1;1;3;1;1;5
6;80;0;1;1;1;3;1;1;5
6;72;0;1;1;1;3;1;1;5
6;43;0;1;1;1;3;1;1;5
6;55;1;1;1;1;3;1;1;5
6;73;0;1;1;1;3;1;1;5
6;101;0;1;1;1;3;1;1;5
6;108;0;1;1;1;3;1;1;5
6;74;0;1;1;1;3;1;1;5
6;50;0;1;1;1;3;1;1;5
6;81;0;1;1;1;3;1;1;5
6;76;0;1;1;1;3;1;1;5
6;34;0;1;1;1;3;1;1;5
6;43;1;1;1;1;3;1;1;5
6;64;0;1;1;1;3;1;1;5
6;48;1;1;1;1;3;1;1;5
6;52;1;1;1;1;3;1;1;5
6;106;0;1;1;1;3;1;1;5
6;111;0;1;1;1;3;1;1;5
6;76;0;1;1;1;3;1;1;5
6;49;0;1;1;1;3;1;1;5
6;41;0;1;1;1;3;1;1;5
6;90;0;1;1;1;3;1;1;5
6;44;0;1;1;1;3;1;1;5
6;68;0;1;1;1;3;1;1;5
6;45;0;1;1;1;3;1;1;5
6;81;0;1;1;1;3;1;1;5
6;27;1;1;1;1;3;1;1;5
6;73;0;1;1;1;3;1;1;5
6;107;0;1;1;1;3;1;1;5
6;43;1;1;1;1;3;1;1;5
6;106;0;1;1;1;3;1;1;5
6;110;0;1;1;1;3;1;1;5
6;78;0;1;1;1;3;1;1;5
6;209;0;1;1;1;1;1;3;7
6;192;0;1;1;1;1;1;3;7
6;199;1;1;1;1;1;1;3;7
6;245;0;1;1;1;1;1;3;7
6;187;1;1;1;1;1;1;3;7
6;216;0;1;1;1;1;1;3;7
6;184;0;1;1;1;1;1;3;3
6;242;1;1;1;1;1;1;3;7
6;81;1;1;1;1;1;1;3;7
6;192;0;1;1;1;1;1;3;7
6;190;1;1;1;1;1;1;3;7
6;199;1;1;1;1;1;1;3;7
6;227;0;1;1;1;1;1;3;7
6;195;0;1;1;1;1;1;3;7
6;140;1;1;1;1;1;1;3;7
6;175;0;1;1;1;1;1;3;7
6;232;0;1;1;1;1;1;3;7
6;242;0;1;1;1;1;1;3;7
6;176;1;1;1;1;1;1;3;7
6;167;0;1;1;1;1;1;3;7
6;169;0;1;1;1;1;1;3;7
6;219;0;1;1;1;1;1;3;7
6;222;0;1;1;1;1;1;3;7
6;238;1;1;1;1;1;1;3;7
6;326;1;1;1;1;1;1;3;7
6;129;1;1;1;1;1;1;3;7
6;166;0;1;1;1;1;1;3;7
6;203;0;1;1;1;1;1;3;2
6;184;1;1;1;1;1;1;3;7
6;176;0;1;1;1;1;1;3;7
6;175;1;1;1;1;1;1;3;7
6;164;1;1;1;1;1;1;3;7
6;96;1;1;1;1;1;1;3;7
6;241;0;1;1;1;1;1;3;7
6;175;0;1;1;1;1;1;3;7
6;124;0;1;1;1;1;1;3;7
6;181;0;1;1;1;1;1;3;7
6;219;1;1;1;1;1;1;3;7
6;171;1;1;1;1;1;1;3;7
6;239;0;1;1;1;1;1;3;7
6;144;1;1;1;1;1;1;3;7
6;172;1;1;1;1;1;1;3;7
6;229;0;1;1;1;1;1;3;7
6;209;0;1;1;1;1;1;3;7
6;118;0;1;1;1;1;1;3;7
6;185;1;1;1;1;1;1;3;7
6;245;0;1;1;1;1;1;3;7
6;191;0;1;1;1;1;1;3;7
6;181;0;1;1;1;1;1;3;7
6;127;1;1;1;1;1;1;3;7
6;68;0;1;1;1;1;3;1;6
6;195;0;1;1;1;1;3;1;2
6;69;0;1;1;1;1;3;1;6
6;156;0;1;1;1;1;3;1;6
6;72;0;1;1;1;1;3;1;6
6;80;0;1;1;1;1;3;1;6
6;55;1;1;1;1;1;3;1;6
6;97;0;1;1;1;1;3;1;6
6;117;0;1;1;1;1;3;1;6
6;118;0;1;1;1;1;3;1;6
6;63;0;1;1;1;1;3;1;6
6;131;0;1;1;1;1;3;1;6
6;59;0;1;1;1;1;3;1;6
6;43;1;1;1;1;1;3;1;6
6;89;0;1;1;1;1;3;1;6
6;106;0;1;1;1;1;3;1;6
6;37;1;1;1;1;1;3;1;6
6;46;0;1;1;1;1;3;1;6
6;82;0;1;1;1;1;3;1;6
6;50;0;1;1;1;1;3;1;6
6;115;0;1;1;1;1;3;1;6
6;96;0;1;1;1;1;3;1;6
6;140;0;1;1;1;1;3;1;6
6;69;0;1;1;1;1;3;1;6
6;98;0;1;1;1;1;3;1;6
6;42;0;1;1;1;1;3;1;6
6;39;1;1;1;1;1;3;1;6
6;48;0;1;1;1;1;3;1;6
6;183;0;1;1;1;1;3;1;7
6;65;0;1;1;1;1;3;1;6
6;88;0;1;1;1;1;3;1;6
6;102;0;1;1;1;1;3;1;6
6;72;0;1;1;1;1;3;1;6
6;107;0;1;1;1;1;3;1;6
6;43;1;1;1;1;1;3;1;6
6;85;0;1;1;1;1;3;1;6
6;55;0;1;1;1;1;3;1;6
6;90;0;1;1;1;1;3;1;6
6;52;0;1;1;1;1;3;1;6
6;77;0;1;1;1;1;3;1;6
6;222;0;1;1;1;1;3;1;2
6;61;0;1;1;1;1;3;1;6
6;145;0;1;1;1;1;3;1;6
6;53;0;1;1;1;1;3;1;6
6;59;0;1;1;1;1;3;1;6
6;182;0;1;1;1;1;3;1;6
6;66;0;1;1;1;1;3;1;6
6;73;0;1;1;1;1;3;1;6
6;55;0;1;1;1;1;3;1;6
6;122;0;1;1;1;1;3;1;6
6;95;0;1;1;3;1;1;1;4
6;200;0;1;1;3;1;1;1;2
6;65;1;1;1;3;1;1;1;4
6;142;0;1;1;3;1;1;1;4
6;107;0;1;1;3;1;1;1;4
6;78;0;1;1;3;1;1;1;4
6;57;0;1;1;3;1;1;1;4
6;51;0;1;1;3;1;1;1;4
6;86;0;1;1;3;1;1;1;4
6;58;0;1;1;3;1;1;1;4
6;128;0;1;1;3;1;1;1;4
6;60;0;1;1;3;1;1;1;4
6;152;0;1;1;3;1;1;1;4
6;47;1;1;1;3;1;1;1;4
6;92;0;1;1;3;1;1;1;4
6;41;1;1;1;3;1;1;1;4
6;69;0;1;1;3;1;1;1;4
6;62;0;1;1;3;1;1;1;4
6;113;0;1;1;3;1;1;1;4
6;106;0;1;1;3;1;1;1;4
6;162;0;1;1;3;1;1;1;4
6;163;0;1;1;3;1;1;1;4
6;116;0;1;1;3;1;1;1;4
6;79;0;1;1;3;1;1;1;4
6;52;1;1;1;3;1;1;1;4
6;106;0;1;1;3;1;1;1;4
6;100;0;1;1;3;1;1;1;4
6;78;0;1;1;3;1;1;1;4
6;47;0;1;1;3;1;1;1;4
6;98;0;1;1;3;1;1;1;4
6;81;0;1;1;3;1;1;1;4
6;82;0;1;1;3;1;1;1;4
6;54;0;1;1;3;1;1;1;4
6;117;0;1;1;3;1;1;1;4
6;101;0;1;1;3;1;1;1;4
6;75;0;1;1;3;1;1;1;4
6;92;1;1;1;3;1;1;1;4
6;58;0;1;1;3;1;1;1;4
6;77;1;1;1;3;1;1;1;4
6;91;0;1;1;3;1;1;1;4
6;181;0;1;1;3;1;1;1;4
6;79;0;1;1;3;1;1;1;4
6;40;0;1;1;3;1;1;1;4
6;68;0;1;1;3;1;1;1;4
6;70;0;1;1;3;1;1;1;4
6;170;0;1;1;3;1;1;1;4
6;68;0;1;1;3;1;1;1;4
6;152;0;1;1;3;1;1;1;4
6;64;0;1;1;3;1;1;1;4
6;106;0;1;1;3;1;1;1;4
6;58;0;3;2;2;2;2;2;2
6;53;1;3;2;2;2;2;2;2
6;62;0;3;2;2;2;2;2;2
6;46;0;3;2;2;2;2;2;2
6;35;0;3;2;2;2;2;2;2
6;38;0;3;2;2;2;2;2;2
6;24;1;3;2;2;2;2;2;2
6;70;0;3;2;2;2;2;2;2
6;41;1;3;2;2;2;2;2;2
6;42;0;3;2;2;2;2;2;2
6;55;0;3;2;2;2;2;2;2
6;63;0;3;2;2;2;2;2;2
6;56;1;3;2;2;2;2;2;2
6;73;0;3;2;2;2;2;2;2
6;58;0;3;2;2;2;2;2;2
6;77;1;3;2;2;2;2;2;2
6;55;1;3;2;2;2;2;2;2
6;21;1;3;2;2;2;2;2;2
6;52;0;3;2;2;2;2;2;2
6;63;0;3;2;2;2;2;2;2
6;52;0;3;2;2;2;2;2;2
6;79;0;3;2;2;2;2;2;5
6;66;0;3;2;2;2;2;2;2
6;73;0;3;2;2;2;2;2;2
6;45;0;3;2;2;2;2;2;2
6;45;1;3;2;2;2;2;2;2
6;68;0;3;2;2;2;2;2;2
6;35;1;3;2;2;2;2;2;2
6;56;0;3;2;2;2;2;2;2
6;47;0;3;2;2;2;2;2;2
6;45;0;3;2;2;2;2;2;2
6;62;0;3;2;2;2;2;2;2
6;62;0;3;2;2;2;2;2;2
6;52;0;3;2;2;2;2;2;2
6;59;1;3;2;2;2;2;2;2
6;63;0;3;2;2;2;2;2;2
6;28;1;3;2;2;2;2;2;2
6;35;1;3;2;2;2;2;2;2
6;46;0;3;2;2;2;2;2;2
6;34;1;3;2;2;2;2;2;2
6;35;1;3;2;2;2;2;2;2
6;50;0;3;2;2;2;2;2;2
6;37;1;3;2;2;2;2;2;2
6;48;1;3;2;2;2;2;2;2
6;46;0;3;2;2;2;2;2;2
6;65;1;3;2;2;2;2;2;2
6;39;0;3;2;2;2;2;2;2
6;37;0;3;2;2;2;2;2;2
6;51;1;3;2;2;2;2;2;2
6;84;0;3;2;2;2;2;2;2
6;95;0;2;3;2;2;2;2;7
6;69;0;2;3;2;2;2;2;3
6;75;1;2;3;2;2;2;2;3
6;66;0;2;3;2;2;2;2;3
6;95;0;2;3;2;2;2;2;3
6;80;0;2;3;2;2;2;2;3
6;71;0;2;3;2;2;2;2;3
6;47;0;2;3;2;2;2;2;3
6;78;0;2;3;2;2;2;2;3
6;57;0;2;3;2;2;2;2;3
6;51;0;2;3;2;2;2;2;3
6;72;0;2;3;2;2;2;2;3
6;49;0;2;3;2;2;2;2;3
6;79;0;2;3;2;2;2;2;4
6;45;1;2;3;2;2;2;2;3
6;81;0;2;3;2;2;2;2;3
6;83;0;2;3;2;2;2;2;2
6;69;0;2;3;2;2;2;2;3
6;85;0;2;3;2;2;2;2;4
6;91;0;2;3;2;2;2;2;3
6;82;0;2;3;2;2;2;2;2
6;73;0;2;3;2;2;2;2;3
6;71;0;2;3;2;2;2;2;3
6;77;0;2;3;2;2;2;2;3
6;81;0;2;3;2;2;2;2;3
6;67;0;2;3;2;2;2;2;3
6;80;0;2;3;2;2;2;2;4
6;76;0;2;3;2;2;2;2;3
6;79;0;2;3;2;2;2;2;3
6;87;0;2;3;2;2;2;2;5
6;73;0;2;3;2;2;2;2;3
6;81;0;2;3;2;2;2;2;7
6;74;0;2;3;2;2;2;2;3
6;64;0;2;3;2;2;2;2;3
6;40;1;2;3;2;2;2;2;3
6;83;0;2;3;2;2;2;2;3
6;47;0;2;3;2;2;2;2;3
6;90;0;2;3;2;2;2;2;7
6;58;0;2;3;2;2;2;2;3
6;92;0;2;3;2;2;2;2;4
6;89;0;2;3;2;2;2;2;6
6;77;0;2;3;2;2;2;2;3
6;82;1;2;3;2;2;2;2;3
6;61;0;2;3;2;2;2;2;3
6;59;0;2;3;2;2;2;2;3
6;61;0;2;3;2;2;2;2;3
6;83;0;2;3;2;2;2;2;5
6;86;0;2;3;2;2;2;2;4
6;81;0;2;3;2;2;2;2;2
6;79;0;2;3;2;2;2;2;3
6;43;0;2;2;2;3;2;2;5
6;74;0;2;2;2;3;2;2;5
6;53;0;2;2;2;3;2;2;5
6;52;0;2;2;2;3;2;2;5
6;57;0;2;2;2;3;2;2;5
6;59;0;2;2;2;3;2;2;5
6;80;0;2;2;2;3;2;2;6
6;68;1;2;2;2;3;2;2;5
6;73;1;2;2;2;3;2;2;5
6;79;0;2;2;2;3;2;2;2
6;49;0;2;2;2;3;2;2;5
6;76;0;2;2;2;3;2;2;5
6;64;0;2;2;2;3;2;2;5
6;57;0;2;2;2;3;2;2;5
6;77;0;2;2;2;3;2;2;4
6;56;0;2;2;2;3;2;2;5
6;75;0;2;2;2;3;2;2;5
6;43;0;2;2;2;3;2;2;5
6;58;0;2;2;2;3;2;2;5
6;40;1;2;2;2;3;2;2;5
6;51;0;2;2;2;3;2;2;5
6;81;0;2;2;2;3;2;2;3
6;64;0;2;2;2;3;2;2;5
6;93;0;2;2;2;3;2;2;2
6;79;0;2;2;2;3;2;2;5
6;78;0;2;2;2;3;2;2;4
6;59;0;2;2;2;3;2;2;5
6;81;0;2;2;2;3;2;2;5
6;82;0;2;2;2;3;2;2;5
6;85;0;2;2;2;3;2;2;6
6;87;0;2;2;2;3;2;2;5
6;82;0;2;2;2;3;2;2;5
6;66;0;2;2;2;3;2;2;5
6;61;0;2;2;2;3;2;2;5
6;37;1;2;2;2;3;2;2;5
6;61;0;2;2;2;3;2;2;5
6;33;1;2;2;2;3;2;2;5
6;81;0;2;2;2;3;2;2;5
6;70;0;2;2;2;3;2;2;5
6;71;0;2;2;2;3;2;2;5
6;48;0;2;2;2;3;2;2;5
6;79;0;2;2;2;3;2;2;3
6;38;1;2;2;2;3;2;2;5
6;75;0;2;2;2;3;2;2;5
6;69;1;2;2;2;3;2;2;5
6;71;0;2;2;2;3;2;2;5
6;59;0;2;2;2;3;2;2;5
6;60;0;2;2;2;3;2;2;5
6;69;0;2;2;2;3;2;2;5
6;45;0;2;2;2;3;2;2;5
6;43;1;2;2;2;2;2;3;7
6;48;0;2;2;2;2;2;3;7
6;46;0;2;2;2;2;2;3;7
6;53;0;2;2;2;2;2;3;7
6;77;0;2;2;2;2;2;3;7
6;57;0;2;2;2;2;2;3;7
6;71;0;2;2;2;2;2;3;7
6;44;1;2;2;2;2;2;3;7
6;40;0;2;2;2;2;2;3;7
6;43;0;2;2;2;2;2;3;7
6;62;0;2;2;2;2;2;3;7
6;56;0;2;2;2;2;2;3;7
6;54;0;2;2;2;2;2;3;7
6;43;0;2;2;2;2;2;3;7
6;62;0;2;2;2;2;2;3;7
6;36;1;2;2;2;2;2;3;7
6;26;1;2;2;2;2;2;3;7
6;72;0;2;2;2;2;2;3;7
6;87;1;2;2;2;2;2;3;7
6;59;0;2;2;2;2;2;3;7
6;42;0;2;2;2;2;2;3;7
6;38;1;2;2;2;2;2;3;7
6;54;0;2;2;2;2;2;3;7
6;46;1;2;2;2;2;2;3;7
6;28;1;2;2;2;2;2;3;7
6;30;1;2;2;2;2;2;3;7
6;79;0;2;2;2;2;2;3;7
6;37;0;2;2;2;2;2;3;7
6;41;1;2;2;2;2;2;3;7
6;61;0;2;2;2;2;2;3;7
6;38;1;2;2;2;2;2;3;7
6;40;0;2;2;2;2;2;3;7
6;68;0;2;2;2;2;2;3;7
6;59;0;2;2;2;2;2;3;7
6;58;0;2;2;2;2;2;3;7
6;51;0;2;2;2;2;2;3;7
6;52;0;2;2;2;2;2;3;7
6;66;0;2;2;2;2;2;3;7
6;70;0;2;2;2;2;2;3;7
6;68;0;2;2;2;2;2;3;7
6;44;0;2;2;2;2;2;3;7
6;40;0;2;2;2;2;2;3;7
6;51;0;2;2;2;2;2;3;7
6;49;0;2;2;2;2;2;3;7
6;51;0;2;2;2;2;2;3;7
6;51;0;2;2;2;2;2;3;7
6;55;0;2;2;2;2;2;3;7
6;63;0;2;2;2;2;2;3;7
6;38;1;2;2;2;2;2;3;7
6;47;0;2;2;2;2;2;3;7
6;74;0;2;2;2;2;3;2;6
6;78;0;2;2;2;2;3;2;6
6;78;0;2;2;2;2;3;2;6
6;69;0;2;2;2;2;3;2;6
6;41;0;2;2;2;2;3;2;6
6;62;0;2;2;2;2;3;2;6
6;66;0;2;2;2;2;3;2;6
6;71;0;2;2;2;2;3;2;6
6;82;0;2;2;2;2;3;2;3
6;75;0;2;2;2;2;3;2;6
6;59;0;2;2;2;2;3;2;6
6;75;0;2;2;2;2;3;2;6
6;47;1;2;2;2;2;3;2;6
6;77;0;2;2;2;2;3;2;6
6;65;0;2;2;2;2;3;2;6
6;67;0;2;2;2;2;3;2;6
6;50;0;2;2;2;2;3;2;6
6;61;0;2;2;2;2;3;2;6
6;45;0;2;2;2;2;3;2;6
6;42;1;2;2;2;2;3;2;6
6;49;1;2;2;2;2;3;2;6
6;86;0;2;2;2;2;3;2;6
6;63;0;2;2;2;2;3;2;6
6;76;0;2;2;2;2;3;2;6
6;80;0;2;2;2;2;3;2;6
6;81;0;2;2;2;2;3;2;6
6;54;0;2;2;2;2;3;2;6
6;54;0;2;2;2;2;3;2;6
6;66;1;2;2;2;2;3;2;6
6;74;0;2;2;2;2;3;2;6
6;72;0;2;2;2;2;3;2;6
6;62;0;2;2;2;2;3;2;6
6;89;0;2;2;2;2;3;2;2
6;65;0;2;2;2;2;3;2;6
6;73;0;2;2;2;2;3;2;6
6;80;0;2;2;2;2;3;2;7
6;58;0;2;2;2;2;3;2;6
6;65;1;2;2;2;2;3;2;6
6;67;0;2;2;2;2;3;2;6
6;47;1;2;2;2;2;3;2;6
6;67;0;2;2;2;2;3;2;6
6;49;0;2;2;2;2;3;2;6
6;78;0;2;2;2;2;3;2;6
6;68;0;2;2;2;2;3;2;6
6;46;0;2;2;2;2;3;2;6
6;74;0;2;2;2;2;3;2;6
6;66;0;2;2;2;2;3;2;6
6;79;0;2;2;2;2;3;2;6
6;57;0;2;2;2;2;3;2;6
6;72;0;2;2;2;2;3;2;6
6;84;0;2;2;3;2;2;2;4
6;51;0;2;2;3;2;2;2;4
6;39;1;2;2;3;2;2;2;4
6;86;0;2;2;3;2;2;2;7
6;56;0;2;2;3;2;2;2;4
6;89;0;2;2;3;2;2;2;7
6;90;0;2;2;3;2;2;2;6
6;34;1;2;2;3;2;2;2;4
6;92;0;2;2;3;2;2;2;6
6;54;0;2;2;3;2;2;2;4
6;72;0;2;2;3;2;2;2;4
6;88;0;2;2;3;2;2;2;4
6;89;0;2;2;3;2;2;2;2
6;66;0;2;2;3;2;2;2;4
6;78;0;2;2;3;2;2;2;3
6;74;0;2;2;3;2;2;2;4
6;79;0;2;2;3;2;2;2;5
6;75;0;2;2;3;2;2;2;4
6;87;0;2;2;3;2;2;2;7
6;83;0;2;2;3;2;2;2;5
6;63;0;2;2;3;2;2;2;4
6;71;0;2;2;3;2;2;2;4
6;58;0;2;2;3;2;2;2;4
6;91;0;2;2;3;2;2;2;4
6;65;0;2;2;3;2;2;2;4
6;36;0;2;2;3;2;2;2;4
6;67;0;2;2;3;2;2;2;4
6;62;0;2;2;3;2;2;2;4
6;77;0;2;2;3;2;2;2;4
6;70;0;2;2;3;2;2;2;4
6;81;0;2;2;3;2;2;2;7
6;69;0;2;2;3;2;2;2;4
6;65;0;2;2;3;2;2;2;4
6;66;0;2;2;3;2;2;2;4
6;78;0;2;2;3;2;2;2;4
6;71;0;2;2;3;2;2;2;4
6;61;0;2;2;3;2;2;2;4
6;87;0;2;2;3;2;2;2;7
6;72;0;2;2;3;2;2;2;4
6;63;0;2;2;3;2;2;2;4
6;55;0;2;2;3;2;2;2;4
6;66;0;2;2;3;2;2;2;4
6;71;0;2;2;3;2;2;2;4
6;23;1;2;2;3;2;2;2;4
6;77;0;2;2;3;2;2;2;4
6;87;0;2;2;3;2;2;2;6
6;79;0;2;2;3;2;2;2;7
6;51;0;2;2;3;2;2;2;4
6;73;0;2;2;3;2;2;2;4
6;81;0;2;2;3;2;2;2;5